# timestamp cpu_usage_total memory_usage memory_working_set power
0 1462802067 0 0 7170359296.0 4261265408.0 438957.02455773565
1 1462802068 0 0.06265261863488623 7172063232.0 4262969344.0 439045.3468458497
2 1462802069 0 0.1961037950501242 7172837376.0 4263743488.0 439313.2454057785
3 1462802070 0 0.22553425584025708 7172980736.0 4263886848.0 438697.29085139465
4 1462802071 0 0.21477354689311487 7174262784.0 4265168896.0 438522.3602551151
5 1462802072 0 0.18561409080407842 7175077888.0 4265943040.0 438825.1168610604
6 1462802073 1 0.21864518473193473 7175270400.0 4266139648.0 442682.8686061958
7 1462802074 1 2.9809325913528006 7184330752.0 4273090560.0 451600.12343238515
8 1462802075 1 0.13796961163778437 7185080320.0 4273840128.0 447626.97409146425
9 1462802076 1 2.2381528529995958 7185940480.0 4274700288.0 447671.65285492083
10 1462802077 1 0.06633037184466019 7187267584.0 4276027392.0 447143.69859608554
11 1462802078 2 2.2780221781198864 7404404736.0 4491014144.0 448202.60249570606
12 1462802079 2 3.390502116577418 7405453312.0 4492062720.0 458006.8389401069
13 1462802080 2 2.5939864973812243 7198806016.0 4285419520.0 458001.9466707586
14 1462802081 2 2.1039764710520825 7198294016.0 4284907520.0 456263.44825018407
15 1462802082 2 4.298241511293274 7198003200.0 4284616704.0 456293.5606779627
16 1462802083 3 2.6139970432014517 7211065344.0 4297666560.0 458453.8267615056
17 1462802084 3 4.241662392834191 7237976064.0 4322471936.0 469021.9599486157
18 1462802085 3 4.66210686055343 7238795264.0 4323291136.0 465637.88386423903
19 1462802086 3 4.155917562726158 7239114752.0 4323610624.0 465255.578735291
20 1462802087 3 4.204769756737061 7239249920.0 4323745792.0 464964.6448916974
21 1462802088 4 4.565469317642403 7252750336.0 4335067136.0 464745.6341876854
22 1462802089 4 2.1312478674383306 7251193856.0 4333539328.0 474144.29279200715
23 1462802090 4 8.922697806961068 7251894272.0 4334239744.0 476399.05850282195
24 1462802091 4 4.13011377397083 7252697088.0 4335042560.0 474795.11224489415
25 1462802092 4 6.4569409837276 7230382080.0 4312727552.0 474442.34048627707
26 1462802093 5 4.268666724842566 7233306624.0 4315652096.0 478052.9565154022
27 1462802094 5 10.564993407175738 7269736448.0 4349931520.0 488623.7757473328
28 1462802095 5 6.17367138835062 7272185856.0 4352380928.0 483093.5010193236
29 1462802096 5 8.587993975007224 7275618304.0 4355813376.0 483157.35237534426
30 1462802097 5 10.249024928119534 7274770432.0 4354965504.0 482850.19032067654
31 1462802098 6 4.18821816579183 8304328704.0 5382369280.0 484101.7391624013
32 1462802099 6 8.081936117082828 8285200384.0 5363240960.0 493353.7733942241
33 1462802100 6 8.34905268190966 7266070528.0 4344115200.0 496370.8179699594
34 1462802101 6 6.129712506016249 7266152448.0 4344197120.0 487390.6830267681
35 1462802102 6 11.242006440169646 7266832384.0 4344877056.0 486853.01215685066
36 1462802103 7 9.87413930034635 7276564480.0 4354564096.0 487363.57767105394
37 1462802104 7 2.057373061728395 8466763776.0 5542653952.0 494485.06692890555
38 1462802105 7 12.044486320360097 8466178048.0 5542068224.0 499922.81436005805
39 1462802106 7 7.578184516575917 7295819776.0 4371771392.0 492634.20602460124
40 1462802107 7 10.326731099370638 7273562112.0 4349509632.0 491492.11988110235
41 1462802108 8 6.2284760834804915 7273099264.0 4349046784.0 495228.60939774965
42 1462802109 8 10.4159112688892 7997652992.0 5071450112.0 505271.2659282251
43 1462802110 8 14.847644096778009 7293534208.0 4367368192.0 500149.46404425893
44 1462802111 8 5.135465849845 7283974144.0 4357808128.0 495822.26384181227
45 1462802112 8 11.325632735021973 7281467392.0 4355301376.0 496185.97469417437
46 1462802113 9 4.722505445233713 7294517248.0 4368302080.0 499755.87273400207
47 1462802114 9 11.28359084296253 8558985216.0 5630664704.0 509263.982961013
48 1462802115 9 10.13715179138416 8559042560.0 5630722048.0 504794.0958996932
49 1462802116 9 12.362991759556799 7306137600.0 4377853952.0 500191.3004975725
50 1462802117 9 8.149381101971091 7287500800.0 4359217152.0 500123.3935689022
51 1462802118 10 6.129841097830992 7853600768.0 4923162624.0 501949.82484965114
52 1462802119 10 15.424987275361385 7853711360.0 4923273216.0 511570.16705912224
53 1462802120 10 8.001857875618875 8602587136.0 5672148992.0 511434.75770346005
54 1462802121 10 12.34554092731947 7294377984.0 4363943936.0 504239.6220066328
55 1462802122 10 9.188698486309871 7294435328.0 4364001280.0 504334.09944634
56 1462802123 11 9.188694770173427 7294484480.0 4364050432.0 507138.2384824747
57 1462802124 11 6.088083271225658 7304867840.0 4372287488.0 517384.54596632544
58 1462802125 11 17.28064184091133 7304892416.0 4372312064.0 513659.0800363245
59 1462802126 11 11.18903291627096 7304450048.0 4371869696.0 513383.71672200947
60 1462802127 11 9.191108609495597 7304720384.0 4372140032.0 513811.96416841936
61 1462802128 12 11.464728860529714 7311556608.0 4376821760.0 513187.5977766186
62 1462802129 12 14.870977938551526 7311581184.0 4376846336.0 521650.69637239334
63 1462802130 12 11.926882978280048 7313252352.0 4378521600.0 527061.6313849381
64 1462802131 12 8.164406356789309 7313543168.0 4378812416.0 521821.88108494296
65 1462802132 12 19.268569417643093 7313563648.0 4378832896.0 521854.18702747714
66 1462802133 13 8.144777205127834 7315472384.0 4378587136.0 525082.6776656851
67 1462802134 13 11.610017603507677 7315480576.0 4378595328.0 534976.8145146339
68 1462802135 13 22.259744052026875 7322050560.0 4385169408.0 532939.3921669581
69 1462802136 13 16.341368133523744 7320539136.0 4383657984.0 531225.015179473
70 1462802137 13 10.155343316987755 7320571904.0 4383690752.0 530668.4928472334
71 1462802138 14 21.295788321188493 7320592384.0 4383711232.0 531846.3150634003
72 1462802139 14 17.80799148411263 7576186880.0 4637151232.0 539159.1368679871
73 1462802140 14 15.694296007832989 7330643968.0 4391612416.0 542429.4996902775
74 1462802141 14 18.384692678071236 7330549760.0 4391518208.0 540042.9595497362
75 1462802142 14 18.35286757062791 7330562048.0 4391530496.0 539761.307844789
76 1462802143 15 18.52805826406683 7330709504.0 4391645184.0 540213.4112922241
77 1462802144 15 10.08414825897826 7339495424.0 4398313472.0 549588.0664794256
78 1462802145 15 20.618826349532092 7339515904.0 4398333952.0 550533.9658643219
79 1462802146 15 25.330530861872845 7339851776.0 4398669824.0 548416.8455383806
80 1462802147 15 15.09536540781151 7339618304.0 4398436352.0 548296.3477779244
81 1462802148 16 15.528302908838933 7343120384.0 4401897472.0 550712.723188451
82 1462802149 16 20.293944551433338 8619028480.0 5675692032.0 559682.0722588827
83 1462802150 16 17.69272833415146 8621662208.0 5678325760.0 554913.3580776723
84 1462802151 16 21.49531341205578 7352926208.0 4409602048.0 553902.1431388297
85 1462802152 16 16.532671296985786 7361204224.0 4417880064.0 553690.0790782248
86 1462802153 17 21.292706496706096 7717236736.0 4771758080.0 552774.3783154936
87 1462802154 17 21.3469043025329 7719473152.0 4773994496.0 557133.1747314085
88 1462802155 17 18.559782217932266 7378710528.0 4433272832.0 566199.5811312376
89 1462802156 17 22.44660475306401 7385448448.0 4440010752.0 558661.8965596776
90 1462802157 17 15.284761821931024 7391891456.0 4446453760.0 558340.2366753493
91 1462802158 18 12.159651227568727 8016420864.0 5068828672.0 559589.9056610195
92 1462802159 18 28.64838632466615 8016441344.0 5068849152.0 567682.6005066425
93 1462802160 18 16.385006927464566 7419928576.0 4472348672.0 566797.2263802349
94 1462802161 18 12.758435841700816 7422300160.0 4474720256.0 562509.140336164
95 1462802162 18 28.48842943177756 7426928640.0 4479348736.0 562242.626772873
96 1462802163 19 17.299521854980583 7614652416.0 4664913920.0 564079.6285107934
97 1462802164 19 17.951597524595748 7620829184.0 4671090688.0 573033.1663430211
98 1462802165 19 24.541626615859286 7451656192.0 4501954560.0 570028.148985498
99 1462802166 19 23.399824259996517 7453876224.0 4504174592.0 566549.1631807792
100 1462802167 19 23.510131585324807 7463391232.0 4513689600.0 566833.4353456367
101 1462802168 20 6.0742734040978945 7478939648.0 4529192960.0 566341.7573973001
102 1462802169 20 29.71688858795804 7481090048.0 4531343360.0 568678.9182610405
103 1462802170 20 18.262210240250226 7515447296.0 4563640320.0 576554.3838545191
104 1462802171 20 19.578148056601712 7517777920.0 4565970944.0 574466.1623846662
105 1462802172 20 18.219240387226442 7522189312.0 4570382336.0 570205.9600146756
106 1462802173 20 24.31245773236016 7524519936.0 4572712960.0 570367.2917867305
107 1462802174 20 18.245798989431982 7505694720.0 4553887744.0 570901.8092197542
108 1462802175 20 18.263144502426126 7509938176.0 4558131200.0 570602.940616293
109 1462802176 20 24.367035313293812 7517515776.0 4565708800.0 570293.3688401732
110 1462802177 20 12.267530124729827 7523872768.0 4572065792.0 572148.4946446453
111 1462802178 20 18.329454562222026 7530340352.0 4578533376.0 570922.0818707662
112 1462802179 20 12.108563313828085 7536705536.0 4584898560.0 569969.6329308583
113 1462802180 20 24.275316604138172 7538364416.0 4586557440.0 570930.1610099096
114 1462802181 20 24.31374020735255 7542964224.0 4591157248.0 570745.227077116
115 1462802182 20 24.38050776088418 7549337600.0 4597530624.0 570376.5526166146
116 1462802183 20 12.1606270455229 7551606784.0 4599799808.0 570312.1286291024
117 1462802184 20 24.2610571379953 7555837952.0 4604030976.0 570624.6654704697
118 1462802185 20 18.328475986828856 7561998336.0 4610195456.0 570798.9559458867
119 1462802186 20 24.395736925462224 7564132352.0 4612329472.0 570881.4580732574
120 1462802187 20 18.21858924782065 7569969152.0 4618166272.0 570592.280278577
121 1462802188 20 24.361516421563945 7576322048.0 4624519168.0 570723.1543042375
122 1462802189 20 12.22778709195666 7581200384.0 4629397504.0 570797.502789948
123 1462802190 20 24.382061802948915 7583420416.0 4631617536.0 571407.2619640689
124 1462802191 20 12.111068154475927 7589289984.0 4637487104.0 570851.9841717709
125 1462802192 20 18.30762608098866 7599976448.0 4648173568.0 570345.3280892724
126 1462802193 20 30.350594232979695 7606575104.0 4654772224.0 570508.6880295546
127 1462802194 20 18.368319302085006 7612850176.0 4661047296.0 570788.6858317372
128 1462802195 20 12.1429629005568 7621586944.0 4669784064.0 570658.256538436
129 1462802196 20 18.322048813024182 7625801728.0 4673998848.0 570865.9317336134
130 1462802197 20 12.096619132285955 7632400384.0 4680597504.0 570368.9487289351
131 1462802198 20 24.30826645384561 7633514496.0 4681711616.0 570911.5885800803
132 1462802199 20 12.124994495966 7639822336.0 4688019456.0 571496.0240115864
133 1462802200 20 24.363734704028058 7648247808.0 4696444928.0 570845.0570090577
134 1462802201 20 12.357104574909915 7664009216.0 4712206336.0 571224.9906370961
135 1462802202 20 18.270392325798582 7668211712.0 4716408832.0 570872.8912320151
136 1462802203 20 30.444870097438336 7670321152.0 4718518272.0 570051.7965733015
137 1462802204 20 18.24397099759333 7672844288.0 4721041408.0 570747.7812065374
138 1462802205 20 24.336437287393416 7677050880.0 4725248000.0 570502.1852401528
139 1462802206 20 24.27432852930978 7683358720.0 4731555840.0 570476.760681204
140 1462802207 20 30.316998248414176 7685275648.0 4733472768.0 570165.6678511775
141 1462802208 20 12.099937782128633 7682527232.0 4732837888.0 565109.6901048264
142 1462802209 19 17.247820528542157 7689199616.0 4739510272.0 563257.7353389696
143 1462802210 19 28.609965308640277 7698751488.0 4749066240.0 561696.7728741756
144 1462802211 19 22.21174724974974 7698747392.0 4749062144.0 563087.1122350869
145 1462802212 19 6.08435118575419 7697227776.0 4749656064.0 562409.0252198932
146 1462802213 19 28.17143635054551 7697240064.0 4749668352.0 558666.5915359793
147 1462802214 18 14.48182450740362 7710498816.0 4762927104.0 555076.979698059
148 1462802215 18 16.327075276562294 7718547456.0 4770975744.0 553494.8162262798
149 1462802216 18 22.423756512524747 7719170048.0 4771598336.0 553705.2934244365
150 1462802217 18 16.202956658313155 7710314496.0 4764852224.0 553198.2210226788
151 1462802218 18 9.910075454922566 7700168704.0 4754706432.0 550793.5184474164
152 1462802219 17 20.883580462233216 7705526272.0 4760072192.0 545310.8226333351
153 1462802220 17 24.260120376950653 7705571328.0 4760117248.0 544677.9275979914
154 1462802221 17 12.169377739487055 7708979200.0 4763525120.0 544246.4490720412
155 1462802222 17 12.367590202422107 7709126656.0 4763672576.0 544335.191617579
156 1462802223 17 18.267496107818996 7702712320.0 4759375872.0 542521.3916345418
157 1462802224 16 17.244618648779873 7703764992.0 4760428544.0 539040.4371587028
158 1462802225 16 10.160201186760347 7704932352.0 4761595904.0 536290.0726280584
159 1462802226 16 12.316907314455033 7705440256.0 4762103808.0 535199.3577432289
160 1462802227 16 18.271695826361427 7712137216.0 4768800768.0 535024.8328614698
161 1462802228 16 4.094778482428115 7699615744.0 4758396928.0 529834.1514242454
162 1462802229 15 21.31546125963998 7703851008.0 4762632192.0 526978.3876855784
163 1462802230 15 16.42392554540993 7703699456.0 4762480640.0 527175.729010398
164 1462802231 15 12.204433474387928 7699537920.0 4758319104.0 526201.4247785117
165 1462802232 15 12.18448355627839 7699689472.0 4758470656.0 526452.7328926295
166 1462802233 15 12.20010182313947 7693950976.0 4754853888.0 526781.761439612
167 1462802234 14 11.768076130150789 7693873152.0 4754776064.0 522895.359088786
168 1462802235 14 15.31358644139874 7693697024.0 4754599936.0 522210.7172514029
169 1462802236 14 12.171691284751947 7693668352.0 4754571264.0 521936.131635187
170 1462802237 14 11.1478155700221 7689039872.0 4751998976.0 521615.288479972
171 1462802238 14 19.20256808560919 7689039872.0 4751998976.0 521659.84434453584
172 1462802239 13 3.2528311270883057 7688966144.0 4751929344.0 519830.0107208827
173 1462802240 13 18.41547234875361 7688589312.0 4751552512.0 517484.8767482531
174 1462802241 13 15.202617955580239 7688769536.0 4751732736.0 517479.7532059323
175 1462802242 13 10.181021529160631 7688814592.0 4751777792.0 517504.43118829216
176 1462802243 13 8.087074208719857 7688830976.0 4751794176.0 515665.5100077393
177 1462802244 12 10.087434994443573 7683059712.0 4748103680.0 513476.15058278013
178 1462802245 12 17.50261696055848 7683063808.0 4748107776.0 513024.1498129349
179 1462802246 12 7.099778458182928 7684730880.0 4749774848.0 512873.66270497907
180 1462802247 12 14.300314669441832 7684730880.0 4749774848.0 513476.05874095636
181 1462802248 12 13.26534263425241 7688220672.0 4753264640.0 513597.99434569787
182 1462802249 12 4.021794204192546 7688675328.0 4755804160.0 511691.3102489345
183 1462802250 11 16.665954409128496 7688675328.0 4755804160.0 509295.66385530226
184 1462802251 11 16.27871407970982 7688720384.0 4755849216.0 508645.0856151448
185 1462802252 11 3.0267048788951842 7688699904.0 4755828736.0 508142.47232340876
186 1462802253 11 13.148481275349356 7690747904.0 4757876736.0 508422.3154210691
187 1462802254 10 9.482139796301656 7684378624.0 4753625088.0 504275.18986914994
188 1462802255 10 6.077553703814202 7687294976.0 4756541440.0 504141.20790087734
189 1462802256 10 15.481216023667368 7691710464.0 4760956928.0 506051.72215762205
190 1462802257 10 3.104667323401163 7678210048.0 4749565952.0 504638.27260477253
191 1462802258 10 11.887840076942156 7678418944.0 4749774848.0 500577.9008335108
192 1462802259 9 7.350936384251362 7676260352.0 4747624448.0 495433.895585941
193 1462802260 9 12.155352627974317 7676264448.0 4747628544.0 495501.65528490214
194 1462802261 9 7.118650805757869 7671549952.0 4742914048.0 495085.81161662104
195 1462802262 9 9.132258168922542 7668752384.0 4740116480.0 495517.579032687
196 1462802263 9 7.153661022928536 7662407680.0 4735889408.0 495236.73118594254
197 1462802264 9 9.12307967481821 7666688000.0 4740169728.0 490526.1171490599
198 1462802265 8 6.084870392619441 7662473216.0 4735954944.0 487763.2885070062
199 1462802266 8 8.11366170567252 7662473216.0 4735954944.0 486282.23147260444
200 1462802267 8 8.12597689574186 7662481408.0 4735963136.0 486085.02690440527
201 1462802268 8 7.15430730647004 7660445696.0 4736049152.0 480920.15351029125
202 1462802269 7 8.599221696219548 7660453888.0 4736057344.0 478122.33770437003
203 1462802270 7 6.233827240731842 7658356736.0 4733960192.0 478111.2595758434
204 1462802271 7 3.014940095771144 7658340352.0 4733943808.0 477640.1268107522
205 1462802272 7 9.153335933110696 7658340352.0 4733943808.0 478360.40217993216
206 1462802273 7 4.71275092301659 7652663296.0 4730380288.0 476950.60395655973
207 1462802274 6 4.188809128773765 7672492032.0 4750213120.0 471204.47842815943
208 1462802275 6 7.521658950163873 7672467456.0 4750188544.0 470081.2405943492
209 1462802276 6 2.2070008570718938 7673401344.0 4751122432.0 469586.9319400083
210 1462802277 6 6.144540693598358 7675625472.0 4753346560.0 469481.9908611307
211 1462802278 6 7.036919254143586 7669673984.0 4749504512.0 467233.03759722377
212 1462802279 5 4.541270908237571 7673040896.0 4752879616.0 462171.48697706696
213 1462802280 5 2.1341490229938875 7671599104.0 4751437824.0 461169.07433706714
214 1462802281 5 5.411587871702645 7671566336.0 4751405056.0 461566.7058012561
215 1462802282 5 2.0858734278450184 7671267328.0 4751106048.0 460010.29039639153
216 1462802283 5 3.0973879088372507 7660720128.0 4742668288.0 458280.5837692439
217 1462802284 4 3.612532583998743 7659876352.0 4741824512.0 456249.90041978087
218 1462802285 4 2.090178138634367 7661953024.0 4743901184.0 455862.12425987533
219 1462802286 4 4.254156069726359 7661953024.0 4743901184.0 455901.043261063
220 1462802287 4 2.148693989812645 7647264768.0 4729212928.0 455733.5425809168
221 1462802288 4 2.0885302620259525 7638339584.0 4722368512.0 456373.9177002742
222 1462802289 3 3.9112069336741557 7640440832.0 4724469760.0 453781.5717061057
223 1462802290 3 1.1088231327054268 7640797184.0 4724826112.0 451794.1471144585
224 1462802291 3 2.2407895134091613 7640776704.0 4724805632.0 451596.80824496294
225 1462802292 3 2.220117345692956 7640264704.0 4724293632.0 451656.63048163283
226 1462802293 3 1.8489879075733937 7630868480.0 4717006848.0 450839.07055760524
227 1462802294 2 2.2479361700864424 7630868480.0 4717006848.0 447170.09982358664
228 1462802295 2 0.11529247875471417 7631388672.0 4717527040.0 447420.09492111806
229 1462802296 2 2.177543256373772 7631396864.0 4717535232.0 446999.8183244916
230 1462802297 2 2.155790952660134 7629283328.0 4715421696.0 447001.26300207886
231 1462802298 2 1.1229274487527479 7623471104.0 4711694336.0 447226.8207980165
232 1462802299 1 0.8766474359166305 7623483392.0 4711706624.0 443124.0599369202
233 1462802300 1 1.138868474922208 7623487488.0 4711710720.0 442673.09408045304
234 1462802301 1 0.0727634419306184 7623487488.0 4711710720.0 442670.3328969161
235 1462802302 1 1.1019314395328639 7623487488.0 4711710720.0 442576.07385110523
236 1462802303 1 0.08157859963790662 7615762432.0 4706058240.0 442704.14093593997
237 1462802304 1 0.9883877961945305 7615766528.0 4706062336.0 441690.49681914254
238 1462802305 0 0.1033603571832105 7615787008.0 4706082816.0 438302.5267092526
239 1462802306 0 0.10364266796679131 7615795200.0 4706091008.0 438479.25730090827
240 1462802307 0 0.1063357726286228 7615795200.0 4706091008.0 438474.52267353487
241 1462802308 0 0.11671032694917644 7615619072.0 4705914880.0 437912.4377033811
242 1462802309 0 0.14199363714526922 7615619072.0 4705914880.0 438609.1981225014
243 1462802310 0 0.14360086538438827 7616413696.0 4706709504.0 438571.51975497336
244 1462802311 0 0.19758535539567404 7616602112.0 4706897920.0 439399.9500681309
245 1462802312 0 0.19548414728041247 7616323584.0 4706619392.0 438434.4857589943
246 1462802313 0 0.159643401124634 6088429568.0 3761029120.0 438390.87475679675
