25.0 1 1 311 0.003215434083601286 0.003215434083601286
31.0 1 2 311 0.003215434083601286 0.006430868167202572
63.0 1 3 311 0.003215434083601286 0.00964630225080386
82.0 1 4 311 0.003215434083601286 0.012861736334405145
99.0 1 5 311 0.003215434083601286 0.01607717041800643
103.0 1 6 311 0.003215434083601286 0.01929260450160772
122.0 1 7 311 0.003215434083601286 0.022508038585209004
123.0 1 8 311 0.003215434083601286 0.02572347266881029
125.0 1 9 311 0.003215434083601286 0.028938906752411574
126.0 1 10 311 0.003215434083601286 0.03215434083601286
127.0 1 11 311 0.003215434083601286 0.03536977491961415
132.0 1 12 311 0.003215434083601286 0.03858520900321544
134.0 2 14 311 0.006430868167202572 0.04501607717041801
135.0 1 15 311 0.003215434083601286 0.04823151125401929
140.0 1 16 311 0.003215434083601286 0.05144694533762058
141.0 1 17 311 0.003215434083601286 0.05466237942122187
142.0 3 20 311 0.00964630225080386 0.06430868167202572
145.0 2 22 311 0.006430868167202572 0.0707395498392283
146.0 1 23 311 0.003215434083601286 0.07395498392282958
148.0 1 24 311 0.003215434083601286 0.07717041800643087
152.0 1 25 311 0.003215434083601286 0.08038585209003216
154.0 1 26 311 0.003215434083601286 0.08360128617363344
156.0 1 27 311 0.003215434083601286 0.08681672025723473
157.0 1 28 311 0.003215434083601286 0.09003215434083602
158.0 1 29 311 0.003215434083601286 0.0932475884244373
160.0 2 31 311 0.006430868167202572 0.09967845659163987
161.0 2 33 311 0.006430868167202572 0.10610932475884244
163.0 2 35 311 0.006430868167202572 0.11254019292604502
164.0 4 39 311 0.012861736334405145 0.12540192926045016
166.0 1 40 311 0.003215434083601286 0.12861736334405144
167.0 2 42 311 0.006430868167202572 0.13504823151125403
168.0 2 44 311 0.006430868167202572 0.1414790996784566
169.0 1 45 311 0.003215434083601286 0.14469453376205788
170.0 1 46 311 0.003215434083601286 0.14790996784565916
171.0 1 47 311 0.003215434083601286 0.15112540192926044
173.0 1 48 311 0.003215434083601286 0.15434083601286175
175.0 3 51 311 0.00964630225080386 0.1639871382636656
177.0 1 52 311 0.003215434083601286 0.16720257234726688
179.0 2 54 311 0.006430868167202572 0.17363344051446947
180.0 2 56 311 0.006430868167202572 0.18006430868167203
181.0 1 57 311 0.003215434083601286 0.1832797427652733
183.0 2 59 311 0.006430868167202572 0.18971061093247588
186.0 1 60 311 0.003215434083601286 0.19292604501607716
192.0 1 61 311 0.003215434083601286 0.19614147909967847
193.0 2 63 311 0.006430868167202572 0.20257234726688103
195.0 1 64 311 0.003215434083601286 0.2057877813504823
198.0 1 65 311 0.003215434083601286 0.2090032154340836
203.0 1 66 311 0.003215434083601286 0.21221864951768488
206.0 3 69 311 0.00964630225080386 0.22186495176848875
213.0 1 70 311 0.003215434083601286 0.22508038585209003
215.0 1 71 311 0.003215434083601286 0.2282958199356913
216.0 2 73 311 0.006430868167202572 0.2347266881028939
217.0 1 74 311 0.003215434083601286 0.2379421221864952
218.0 1 75 311 0.003215434083601286 0.24115755627009647
219.0 2 77 311 0.006430868167202572 0.24758842443729903
220.0 2 79 311 0.006430868167202572 0.2540192926045016
221.0 1 80 311 0.003215434083601286 0.2572347266881029
223.0 2 82 311 0.006430868167202572 0.26366559485530544
224.0 1 83 311 0.003215434083601286 0.26688102893890675
225.0 2 85 311 0.006430868167202572 0.2733118971061093
226.0 1 86 311 0.003215434083601286 0.2765273311897106
229.0 1 87 311 0.003215434083601286 0.2797427652733119
230.0 1 88 311 0.003215434083601286 0.2829581993569132
234.0 1 89 311 0.003215434083601286 0.2861736334405145
238.0 1 90 311 0.003215434083601286 0.28938906752411575
245.0 1 91 311 0.003215434083601286 0.29260450160771706
249.0 1 92 311 0.003215434083601286 0.2958199356913183
251.0 1 93 311 0.003215434083601286 0.2990353697749196
254.0 1 94 311 0.003215434083601286 0.3022508038585209
255.0 1 95 311 0.003215434083601286 0.3054662379421222
256.0 1 96 311 0.003215434083601286 0.3086816720257235
259.0 1 97 311 0.003215434083601286 0.31189710610932475
263.0 1 98 311 0.003215434083601286 0.31511254019292606
266.0 1 99 311 0.003215434083601286 0.3183279742765273
269.0 1 100 311 0.003215434083601286 0.3215434083601286
271.0 1 101 311 0.003215434083601286 0.3247588424437299
288.0 1 102 311 0.003215434083601286 0.3279742765273312
291.0 1 103 311 0.003215434083601286 0.3311897106109325
294.0 1 104 311 0.003215434083601286 0.33440514469453375
308.0 1 105 311 0.003215434083601286 0.33762057877813506
310.0 1 106 311 0.003215434083601286 0.3408360128617363
315.0 1 107 311 0.003215434083601286 0.3440514469453376
316.0 1 108 311 0.003215434083601286 0.34726688102893893
317.0 1 109 311 0.003215434083601286 0.3504823151125402
324.0 1 110 311 0.003215434083601286 0.3536977491961415
328.0 1 111 311 0.003215434083601286 0.35691318327974275
329.0 1 112 311 0.003215434083601286 0.36012861736334406
341.0 1 113 311 0.003215434083601286 0.3633440514469453
342.0 2 115 311 0.006430868167202572 0.36977491961414793
347.0 2 117 311 0.006430868167202572 0.3762057877813505
349.0 2 119 311 0.006430868167202572 0.38263665594855306
351.0 1 120 311 0.003215434083601286 0.3858520900321543
352.0 1 121 311 0.003215434083601286 0.3890675241157556
354.0 1 122 311 0.003215434083601286 0.39228295819935693
355.0 1 123 311 0.003215434083601286 0.3954983922829582
357.0 3 126 311 0.00964630225080386 0.40514469453376206
360.0 1 127 311 0.003215434083601286 0.40836012861736337
361.0 2 129 311 0.006430868167202572 0.41479099678456594
363.0 2 131 311 0.006430868167202572 0.4212218649517685
364.0 2 133 311 0.006430868167202572 0.42765273311897106
366.0 2 135 311 0.006430868167202572 0.4340836012861736
367.0 1 136 311 0.003215434083601286 0.43729903536977494
369.0 2 138 311 0.006430868167202572 0.4437299035369775
371.0 1 139 311 0.003215434083601286 0.44694533762057875
374.0 1 140 311 0.003215434083601286 0.45016077170418006
375.0 1 141 311 0.003215434083601286 0.4533762057877814
377.0 1 142 311 0.003215434083601286 0.4565916398713826
378.0 1 143 311 0.003215434083601286 0.45980707395498394
381.0 1 144 311 0.003215434083601286 0.4630225080385852
384.0 1 145 311 0.003215434083601286 0.4662379421221865
388.0 1 146 311 0.003215434083601286 0.4694533762057878
389.0 1 147 311 0.003215434083601286 0.47266881028938906
392.0 1 148 311 0.003215434083601286 0.4758842443729904
394.0 1 149 311 0.003215434083601286 0.4790996784565916
395.0 2 151 311 0.006430868167202572 0.4855305466237942
400.0 2 153 311 0.006430868167202572 0.4919614147909968
404.0 2 155 311 0.006430868167202572 0.4983922829581994
405.0 1 156 311 0.003215434083601286 0.5016077170418006
406.0 1 157 311 0.003215434083601286 0.5048231511254019
407.0 1 158 311 0.003215434083601286 0.5080385852090032
408.0 1 159 311 0.003215434083601286 0.5112540192926045
412.0 2 161 311 0.006430868167202572 0.5176848874598071
416.0 1 162 311 0.003215434083601286 0.5209003215434084
419.0 1 163 311 0.003215434083601286 0.5241157556270096
420.0 2 165 311 0.006430868167202572 0.5305466237942122
423.0 1 166 311 0.003215434083601286 0.5337620578778135
425.0 1 167 311 0.003215434083601286 0.5369774919614148
427.0 1 168 311 0.003215434083601286 0.5401929260450161
428.0 1 169 311 0.003215434083601286 0.5434083601286174
433.0 1 170 311 0.003215434083601286 0.5466237942122186
435.0 1 171 311 0.003215434083601286 0.5498392282958199
437.0 1 172 311 0.003215434083601286 0.5530546623794212
443.0 1 173 311 0.003215434083601286 0.5562700964630225
453.0 2 175 311 0.006430868167202572 0.5627009646302251
454.0 1 176 311 0.003215434083601286 0.5659163987138264
455.0 1 177 311 0.003215434083601286 0.5691318327974276
457.0 1 178 311 0.003215434083601286 0.572347266881029
459.0 3 181 311 0.00964630225080386 0.5819935691318328
460.0 1 182 311 0.003215434083601286 0.5852090032154341
461.0 1 183 311 0.003215434083601286 0.5884244372990354
463.0 1 184 311 0.003215434083601286 0.5916398713826366
464.0 1 185 311 0.003215434083601286 0.594855305466238
470.0 1 186 311 0.003215434083601286 0.5980707395498392
471.0 2 188 311 0.006430868167202572 0.6045016077170418
475.0 1 189 311 0.003215434083601286 0.6077170418006431
476.0 1 190 311 0.003215434083601286 0.6109324758842444
477.0 1 191 311 0.003215434083601286 0.6141479099678456
480.0 1 192 311 0.003215434083601286 0.617363344051447
482.0 1 193 311 0.003215434083601286 0.6205787781350482
483.0 1 194 311 0.003215434083601286 0.6237942122186495
485.0 1 195 311 0.003215434083601286 0.6270096463022508
486.0 1 196 311 0.003215434083601286 0.6302250803858521
487.0 1 197 311 0.003215434083601286 0.6334405144694534
490.0 1 198 311 0.003215434083601286 0.6366559485530546
493.0 2 200 311 0.006430868167202572 0.6430868167202572
500.0 1 201 311 0.003215434083601286 0.6463022508038585
505.0 1 202 311 0.003215434083601286 0.6495176848874598
510.0 1 203 311 0.003215434083601286 0.6527331189710611
511.0 1 204 311 0.003215434083601286 0.6559485530546624
512.0 1 205 311 0.003215434083601286 0.6591639871382636
519.0 1 206 311 0.003215434083601286 0.662379421221865
531.0 1 207 311 0.003215434083601286 0.6655948553054662
538.0 1 208 311 0.003215434083601286 0.6688102893890675
557.0 3 211 311 0.00964630225080386 0.6784565916398714
593.0 1 212 311 0.003215434083601286 0.6816720257234726
596.0 1 213 311 0.003215434083601286 0.684887459807074
600.0 1 214 311 0.003215434083601286 0.6881028938906752
611.0 1 215 311 0.003215434083601286 0.6913183279742765
614.0 1 216 311 0.003215434083601286 0.6945337620578779
620.0 1 217 311 0.003215434083601286 0.6977491961414791
622.0 1 218 311 0.003215434083601286 0.7009646302250804
628.0 1 219 311 0.003215434083601286 0.7041800643086816
640.0 1 220 311 0.003215434083601286 0.707395498392283
648.0 1 221 311 0.003215434083601286 0.7106109324758842
655.0 1 222 311 0.003215434083601286 0.7138263665594855
660.0 1 223 311 0.003215434083601286 0.7170418006430869
665.0 1 224 311 0.003215434083601286 0.7202572347266881
667.0 1 225 311 0.003215434083601286 0.7234726688102894
673.0 1 226 311 0.003215434083601286 0.7266881028938906
675.0 1 227 311 0.003215434083601286 0.729903536977492
679.0 1 228 311 0.003215434083601286 0.7331189710610932
680.0 3 231 311 0.00964630225080386 0.7427652733118971
685.0 1 232 311 0.003215434083601286 0.7459807073954984
688.0 1 233 311 0.003215434083601286 0.7491961414790996
697.0 1 234 311 0.003215434083601286 0.752411575562701
698.0 2 236 311 0.006430868167202572 0.7588424437299035
703.0 1 237 311 0.003215434083601286 0.7620578778135049
709.0 2 239 311 0.006430868167202572 0.7684887459807074
711.0 1 240 311 0.003215434083601286 0.7717041800643086
712.0 1 241 311 0.003215434083601286 0.77491961414791
723.0 2 243 311 0.006430868167202572 0.7813504823151125
731.0 1 244 311 0.003215434083601286 0.7845659163987139
740.0 1 245 311 0.003215434083601286 0.7877813504823151
744.0 1 246 311 0.003215434083601286 0.7909967845659164
745.0 1 247 311 0.003215434083601286 0.7942122186495176
747.0 1 248 311 0.003215434083601286 0.797427652733119
749.0 1 249 311 0.003215434083601286 0.8006430868167203
760.0 1 250 311 0.003215434083601286 0.8038585209003215
762.0 1 251 311 0.003215434083601286 0.8070739549839229
772.0 1 252 311 0.003215434083601286 0.8102893890675241
773.0 1 253 311 0.003215434083601286 0.8135048231511254
776.0 2 255 311 0.006430868167202572 0.819935691318328
783.0 1 256 311 0.003215434083601286 0.8231511254019293
786.0 1 257 311 0.003215434083601286 0.8263665594855305
796.0 1 258 311 0.003215434083601286 0.8295819935691319
810.0 1 259 311 0.003215434083601286 0.8327974276527331
841.0 1 260 311 0.003215434083601286 0.8360128617363344
851.0 1 261 311 0.003215434083601286 0.8392282958199357
886.0 1 262 311 0.003215434083601286 0.842443729903537
919.0 1 263 311 0.003215434083601286 0.8456591639871383
932.0 1 264 311 0.003215434083601286 0.8488745980707395
953.0 1 265 311 0.003215434083601286 0.8520900321543409
961.0 1 266 311 0.003215434083601286 0.8553054662379421
975.0 1 267 311 0.003215434083601286 0.8585209003215434
1022.0 1 268 311 0.003215434083601286 0.8617363344051447
1096.0 1 269 311 0.003215434083601286 0.864951768488746
1104.0 1 270 311 0.003215434083601286 0.8681672025723473
1149.0 1 271 311 0.003215434083601286 0.8713826366559485
1161.0 1 272 311 0.003215434083601286 0.8745980707395499
1177.0 1 273 311 0.003215434083601286 0.8778135048231511
1210.0 1 274 311 0.003215434083601286 0.8810289389067524
1220.0 1 275 311 0.003215434083601286 0.8842443729903537
1298.0 1 276 311 0.003215434083601286 0.887459807073955
1301.0 1 277 311 0.003215434083601286 0.8906752411575563
1322.0 1 278 311 0.003215434083601286 0.8938906752411575
1418.0 1 279 311 0.003215434083601286 0.8971061093247589
1482.0 1 280 311 0.003215434083601286 0.9003215434083601
1635.0 1 281 311 0.003215434083601286 0.9035369774919614
1636.0 2 283 311 0.006430868167202572 0.909967845659164
1638.0 1 284 311 0.003215434083601286 0.9131832797427653
1644.0 1 285 311 0.003215434083601286 0.9163987138263665
1645.0 1 286 311 0.003215434083601286 0.9196141479099679
1648.0 1 287 311 0.003215434083601286 0.9228295819935691
1661.0 1 288 311 0.003215434083601286 0.9260450160771704
1663.0 3 291 311 0.00964630225080386 0.9356913183279743
1664.0 1 292 311 0.003215434083601286 0.9389067524115756
1673.0 1 293 311 0.003215434083601286 0.9421221864951769
1686.0 1 294 311 0.003215434083601286 0.9453376205787781
1688.0 1 295 311 0.003215434083601286 0.9485530546623794
1694.0 1 296 311 0.003215434083601286 0.9517684887459807
1699.0 1 297 311 0.003215434083601286 0.954983922829582
1705.0 1 298 311 0.003215434083601286 0.9581993569131833
1725.0 1 299 311 0.003215434083601286 0.9614147909967846
1740.0 1 300 311 0.003215434083601286 0.9646302250803859
1762.0 1 301 311 0.003215434083601286 0.9678456591639871
1773.0 1 302 311 0.003215434083601286 0.9710610932475884
1792.0 1 303 311 0.003215434083601286 0.9742765273311897
1811.0 1 304 311 0.003215434083601286 0.977491961414791
1844.0 1 305 311 0.003215434083601286 0.9807073954983923
1856.0 1 306 311 0.003215434083601286 0.9839228295819936
1873.0 1 307 311 0.003215434083601286 0.9871382636655949
1902.0 1 308 311 0.003215434083601286 0.9903536977491961
1988.0 1 309 311 0.003215434083601286 0.9935691318327974
2048.0 1 310 311 0.003215434083601286 0.9967845659163987
2440.0 1 311 311 0.003215434083601286 1.0
