27.0 1 1 289 0.0034602076124567475 0.0034602076124567475
28.0 1 2 289 0.0034602076124567475 0.006920415224913495
29.0 1 3 289 0.0034602076124567475 0.010380622837370242
62.0 1 4 289 0.0034602076124567475 0.01384083044982699
63.0 1 5 289 0.0034602076124567475 0.01730103806228374
96.0 1 6 289 0.0034602076124567475 0.020761245674740483
99.0 1 7 289 0.0034602076124567475 0.02422145328719723
120.0 1 8 289 0.0034602076124567475 0.02768166089965398
124.0 1 9 289 0.0034602076124567475 0.031141868512110725
126.0 1 10 289 0.0034602076124567475 0.03460207612456748
129.0 2 12 289 0.006920415224913495 0.04152249134948097
130.0 1 13 289 0.0034602076124567475 0.04498269896193772
132.0 1 14 289 0.0034602076124567475 0.04844290657439446
133.0 1 15 289 0.0034602076124567475 0.05190311418685121
138.0 2 17 289 0.006920415224913495 0.058823529411764705
140.0 4 21 289 0.01384083044982699 0.0726643598615917
143.0 1 22 289 0.0034602076124567475 0.07612456747404844
144.0 1 23 289 0.0034602076124567475 0.07958477508650519
149.0 1 24 289 0.0034602076124567475 0.08304498269896193
150.0 1 25 289 0.0034602076124567475 0.08650519031141868
151.0 1 26 289 0.0034602076124567475 0.08996539792387544
154.0 1 27 289 0.0034602076124567475 0.09342560553633218
155.0 1 28 289 0.0034602076124567475 0.09688581314878893
156.0 1 29 289 0.0034602076124567475 0.10034602076124567
158.0 1 30 289 0.0034602076124567475 0.10380622837370242
159.0 2 32 289 0.006920415224913495 0.11072664359861592
160.0 2 34 289 0.006920415224913495 0.11764705882352941
161.0 2 36 289 0.006920415224913495 0.1245674740484429
162.0 1 37 289 0.0034602076124567475 0.12802768166089964
163.0 3 40 289 0.010380622837370242 0.1384083044982699
164.0 2 42 289 0.006920415224913495 0.1453287197231834
165.0 1 43 289 0.0034602076124567475 0.14878892733564014
169.0 4 47 289 0.01384083044982699 0.16262975778546712
170.0 1 48 289 0.0034602076124567475 0.16608996539792387
171.0 1 49 289 0.0034602076124567475 0.1695501730103806
172.0 2 51 289 0.006920415224913495 0.17647058823529413
173.0 1 52 289 0.0034602076124567475 0.17993079584775087
174.0 1 53 289 0.0034602076124567475 0.18339100346020762
175.0 1 54 289 0.0034602076124567475 0.18685121107266436
179.0 2 56 289 0.006920415224913495 0.19377162629757785
182.0 2 58 289 0.006920415224913495 0.20069204152249134
183.0 1 59 289 0.0034602076124567475 0.2041522491349481
184.0 2 61 289 0.006920415224913495 0.21107266435986158
187.0 1 62 289 0.0034602076124567475 0.21453287197231835
190.0 1 63 289 0.0034602076124567475 0.2179930795847751
194.0 1 64 289 0.0034602076124567475 0.22145328719723184
196.0 1 65 289 0.0034602076124567475 0.22491349480968859
199.0 1 66 289 0.0034602076124567475 0.22837370242214533
202.0 1 67 289 0.0034602076124567475 0.23183391003460208
204.0 1 68 289 0.0034602076124567475 0.23529411764705882
207.0 1 69 289 0.0034602076124567475 0.23875432525951557
208.0 1 70 289 0.0034602076124567475 0.2422145328719723
209.0 1 71 289 0.0034602076124567475 0.24567474048442905
210.0 1 72 289 0.0034602076124567475 0.2491349480968858
212.0 2 74 289 0.006920415224913495 0.2560553633217993
213.0 1 75 289 0.0034602076124567475 0.25951557093425603
214.0 1 76 289 0.0034602076124567475 0.2629757785467128
215.0 1 77 289 0.0034602076124567475 0.2664359861591695
216.0 1 78 289 0.0034602076124567475 0.2698961937716263
218.0 2 80 289 0.006920415224913495 0.2768166089965398
220.0 2 82 289 0.006920415224913495 0.2837370242214533
221.0 2 84 289 0.006920415224913495 0.2906574394463668
224.0 1 85 289 0.0034602076124567475 0.29411764705882354
225.0 1 86 289 0.0034602076124567475 0.2975778546712803
227.0 1 87 289 0.0034602076124567475 0.30103806228373703
229.0 1 88 289 0.0034602076124567475 0.3044982698961938
231.0 1 89 289 0.0034602076124567475 0.3079584775086505
232.0 1 90 289 0.0034602076124567475 0.31141868512110726
242.0 2 92 289 0.006920415224913495 0.31833910034602075
243.0 1 93 289 0.0034602076124567475 0.3217993079584775
246.0 1 94 289 0.0034602076124567475 0.32525951557093424
251.0 1 95 289 0.0034602076124567475 0.328719723183391
255.0 1 96 289 0.0034602076124567475 0.33217993079584773
256.0 1 97 289 0.0034602076124567475 0.3356401384083045
258.0 1 98 289 0.0034602076124567475 0.3391003460207612
264.0 1 99 289 0.0034602076124567475 0.34256055363321797
265.0 1 100 289 0.0034602076124567475 0.3460207612456747
268.0 1 101 289 0.0034602076124567475 0.3494809688581315
278.0 1 102 289 0.0034602076124567475 0.35294117647058826
290.0 1 103 289 0.0034602076124567475 0.356401384083045
293.0 1 104 289 0.0034602076124567475 0.35986159169550175
302.0 1 105 289 0.0034602076124567475 0.3633217993079585
304.0 2 107 289 0.006920415224913495 0.370242214532872
305.0 1 108 289 0.0034602076124567475 0.3737024221453287
307.0 1 109 289 0.0034602076124567475 0.3771626297577855
312.0 1 110 289 0.0034602076124567475 0.3806228373702422
315.0 1 111 289 0.0034602076124567475 0.38408304498269896
323.0 1 112 289 0.0034602076124567475 0.3875432525951557
327.0 1 113 289 0.0034602076124567475 0.39100346020761245
330.0 1 114 289 0.0034602076124567475 0.3944636678200692
339.0 1 115 289 0.0034602076124567475 0.39792387543252594
342.0 1 116 289 0.0034602076124567475 0.4013840830449827
346.0 2 118 289 0.006920415224913495 0.4083044982698962
347.0 1 119 289 0.0034602076124567475 0.4117647058823529
349.0 2 121 289 0.006920415224913495 0.4186851211072664
351.0 2 123 289 0.006920415224913495 0.42560553633217996
352.0 1 124 289 0.0034602076124567475 0.4290657439446367
354.0 2 126 289 0.006920415224913495 0.4359861591695502
356.0 1 127 289 0.0034602076124567475 0.43944636678200694
357.0 3 130 289 0.010380622837370242 0.44982698961937717
358.0 1 131 289 0.0034602076124567475 0.4532871972318339
359.0 1 132 289 0.0034602076124567475 0.45674740484429066
360.0 1 133 289 0.0034602076124567475 0.4602076124567474
361.0 1 134 289 0.0034602076124567475 0.46366782006920415
363.0 1 135 289 0.0034602076124567475 0.4671280276816609
364.0 1 136 289 0.0034602076124567475 0.47058823529411764
365.0 1 137 289 0.0034602076124567475 0.4740484429065744
369.0 1 138 289 0.0034602076124567475 0.47750865051903113
371.0 1 139 289 0.0034602076124567475 0.4809688581314879
374.0 1 140 289 0.0034602076124567475 0.4844290657439446
378.0 1 141 289 0.0034602076124567475 0.48788927335640137
379.0 1 142 289 0.0034602076124567475 0.4913494809688581
380.0 1 143 289 0.0034602076124567475 0.49480968858131485
383.0 1 144 289 0.0034602076124567475 0.4982698961937716
384.0 1 145 289 0.0034602076124567475 0.5017301038062284
388.0 1 146 289 0.0034602076124567475 0.5051903114186851
390.0 1 147 289 0.0034602076124567475 0.5086505190311419
392.0 1 148 289 0.0034602076124567475 0.5121107266435986
393.0 3 151 289 0.010380622837370242 0.5224913494809689
394.0 1 152 289 0.0034602076124567475 0.5259515570934256
396.0 1 153 289 0.0034602076124567475 0.5294117647058824
398.0 1 154 289 0.0034602076124567475 0.532871972318339
401.0 1 155 289 0.0034602076124567475 0.5363321799307958
402.0 2 157 289 0.006920415224913495 0.5432525951557093
403.0 1 158 289 0.0034602076124567475 0.5467128027681661
404.0 1 159 289 0.0034602076124567475 0.5501730103806228
405.0 1 160 289 0.0034602076124567475 0.5536332179930796
408.0 1 161 289 0.0034602076124567475 0.5570934256055363
409.0 1 162 289 0.0034602076124567475 0.5605536332179931
410.0 1 163 289 0.0034602076124567475 0.5640138408304498
411.0 1 164 289 0.0034602076124567475 0.5674740484429066
412.0 1 165 289 0.0034602076124567475 0.5709342560553633
416.0 1 166 289 0.0034602076124567475 0.5743944636678201
424.0 1 167 289 0.0034602076124567475 0.5778546712802768
425.0 2 169 289 0.006920415224913495 0.5847750865051903
426.0 1 170 289 0.0034602076124567475 0.5882352941176471
428.0 1 171 289 0.0034602076124567475 0.5916955017301038
442.0 1 172 289 0.0034602076124567475 0.5951557093425606
443.0 1 173 289 0.0034602076124567475 0.5986159169550173
446.0 1 174 289 0.0034602076124567475 0.6020761245674741
448.0 1 175 289 0.0034602076124567475 0.6055363321799307
451.0 1 176 289 0.0034602076124567475 0.6089965397923875
454.0 1 177 289 0.0034602076124567475 0.6124567474048442
459.0 1 178 289 0.0034602076124567475 0.615916955017301
460.0 1 179 289 0.0034602076124567475 0.6193771626297578
461.0 1 180 289 0.0034602076124567475 0.6228373702422145
462.0 1 181 289 0.0034602076124567475 0.6262975778546713
463.0 2 183 289 0.006920415224913495 0.6332179930795848
464.0 1 184 289 0.0034602076124567475 0.6366782006920415
467.0 1 185 289 0.0034602076124567475 0.6401384083044983
472.0 1 186 289 0.0034602076124567475 0.643598615916955
474.0 1 187 289 0.0034602076124567475 0.6470588235294118
478.0 1 188 289 0.0034602076124567475 0.6505190311418685
482.0 2 190 289 0.006920415224913495 0.657439446366782
483.0 1 191 289 0.0034602076124567475 0.6608996539792388
485.0 1 192 289 0.0034602076124567475 0.6643598615916955
490.0 1 193 289 0.0034602076124567475 0.6678200692041523
500.0 1 194 289 0.0034602076124567475 0.671280276816609
502.0 1 195 289 0.0034602076124567475 0.6747404844290658
508.0 1 196 289 0.0034602076124567475 0.6782006920415224
512.0 1 197 289 0.0034602076124567475 0.6816608996539792
513.0 1 198 289 0.0034602076124567475 0.6851211072664359
532.0 1 199 289 0.0034602076124567475 0.6885813148788927
534.0 1 200 289 0.0034602076124567475 0.6920415224913494
539.0 1 201 289 0.0034602076124567475 0.6955017301038062
555.0 2 203 289 0.006920415224913495 0.7024221453287197
563.0 1 204 289 0.0034602076124567475 0.7058823529411765
610.0 1 205 289 0.0034602076124567475 0.7093425605536332
611.0 1 206 289 0.0034602076124567475 0.71280276816609
617.0 1 207 289 0.0034602076124567475 0.7162629757785467
634.0 1 208 289 0.0034602076124567475 0.7197231833910035
644.0 1 209 289 0.0034602076124567475 0.7231833910034602
663.0 1 210 289 0.0034602076124567475 0.726643598615917
665.0 1 211 289 0.0034602076124567475 0.7301038062283737
671.0 1 212 289 0.0034602076124567475 0.7335640138408305
677.0 1 213 289 0.0034602076124567475 0.7370242214532872
678.0 1 214 289 0.0034602076124567475 0.740484429065744
679.0 1 215 289 0.0034602076124567475 0.7439446366782007
680.0 1 216 289 0.0034602076124567475 0.7474048442906575
684.0 1 217 289 0.0034602076124567475 0.7508650519031141
689.0 1 218 289 0.0034602076124567475 0.754325259515571
693.0 1 219 289 0.0034602076124567475 0.7577854671280276
696.0 1 220 289 0.0034602076124567475 0.7612456747404844
699.0 1 221 289 0.0034602076124567475 0.7647058823529411
701.0 1 222 289 0.0034602076124567475 0.7681660899653979
703.0 1 223 289 0.0034602076124567475 0.7716262975778547
709.0 1 224 289 0.0034602076124567475 0.7750865051903114
717.0 1 225 289 0.0034602076124567475 0.7785467128027682
719.0 1 226 289 0.0034602076124567475 0.7820069204152249
722.0 2 228 289 0.006920415224913495 0.7889273356401384
731.0 1 229 289 0.0034602076124567475 0.7923875432525952
748.0 1 230 289 0.0034602076124567475 0.7958477508650519
750.0 1 231 289 0.0034602076124567475 0.7993079584775087
751.0 1 232 289 0.0034602076124567475 0.8027681660899654
757.0 1 233 289 0.0034602076124567475 0.8062283737024222
761.0 1 234 289 0.0034602076124567475 0.8096885813148789
764.0 1 235 289 0.0034602076124567475 0.8131487889273357
769.0 1 236 289 0.0034602076124567475 0.8166089965397924
772.0 1 237 289 0.0034602076124567475 0.8200692041522492
775.0 1 238 289 0.0034602076124567475 0.8235294117647058
776.0 1 239 289 0.0034602076124567475 0.8269896193771626
787.0 1 240 289 0.0034602076124567475 0.8304498269896193
795.0 1 241 289 0.0034602076124567475 0.8339100346020761
813.0 1 242 289 0.0034602076124567475 0.8373702422145328
841.0 2 244 289 0.006920415224913495 0.8442906574394463
880.0 1 245 289 0.0034602076124567475 0.8477508650519031
920.0 1 246 289 0.0034602076124567475 0.8512110726643599
925.0 1 247 289 0.0034602076124567475 0.8546712802768166
941.0 1 248 289 0.0034602076124567475 0.8581314878892734
966.0 1 249 289 0.0034602076124567475 0.8615916955017301
975.0 1 250 289 0.0034602076124567475 0.8650519031141869
1094.0 1 251 289 0.0034602076124567475 0.8685121107266436
1104.0 1 252 289 0.0034602076124567475 0.8719723183391004
1150.0 1 253 289 0.0034602076124567475 0.8754325259515571
1178.0 1 254 289 0.0034602076124567475 0.8788927335640139
1204.0 1 255 289 0.0034602076124567475 0.8823529411764706
1218.0 1 256 289 0.0034602076124567475 0.8858131487889274
1301.0 1 257 289 0.0034602076124567475 0.889273356401384
1319.0 1 258 289 0.0034602076124567475 0.8927335640138409
1408.0 1 259 289 0.0034602076124567475 0.8961937716262975
1634.0 1 260 289 0.0034602076124567475 0.8996539792387543
1635.0 1 261 289 0.0034602076124567475 0.903114186851211
1636.0 1 262 289 0.0034602076124567475 0.9065743944636678
1638.0 1 263 289 0.0034602076124567475 0.9100346020761245
1639.0 1 264 289 0.0034602076124567475 0.9134948096885813
1642.0 1 265 289 0.0034602076124567475 0.916955017301038
1646.0 1 266 289 0.0034602076124567475 0.9204152249134948
1656.0 1 267 289 0.0034602076124567475 0.9238754325259516
1658.0 1 268 289 0.0034602076124567475 0.9273356401384083
1660.0 2 270 289 0.006920415224913495 0.9342560553633218
1665.0 1 271 289 0.0034602076124567475 0.9377162629757786
1672.0 1 272 289 0.0034602076124567475 0.9411764705882353
1681.0 1 273 289 0.0034602076124567475 0.9446366782006921
1687.0 1 274 289 0.0034602076124567475 0.9480968858131488
1693.0 2 276 289 0.006920415224913495 0.9550173010380623
1706.0 1 277 289 0.0034602076124567475 0.9584775086505191
1720.0 1 278 289 0.0034602076124567475 0.9619377162629758
1732.0 1 279 289 0.0034602076124567475 0.9653979238754326
1763.0 1 280 289 0.0034602076124567475 0.9688581314878892
1793.0 1 281 289 0.0034602076124567475 0.972318339100346
1815.0 1 282 289 0.0034602076124567475 0.9757785467128027
1845.0 1 283 289 0.0034602076124567475 0.9792387543252595
1858.0 1 284 289 0.0034602076124567475 0.9826989619377162
1868.0 1 285 289 0.0034602076124567475 0.986159169550173
1900.0 1 286 289 0.0034602076124567475 0.9896193771626297
1991.0 1 287 289 0.0034602076124567475 0.9930795847750865
2046.0 1 288 289 0.0034602076124567475 0.9965397923875432
2441.0 1 289 289 0.0034602076124567475 1.0
