26.0 1 1 292 0.003424657534246575 0.003424657534246575
30.0 1 2 292 0.003424657534246575 0.00684931506849315
34.0 1 3 292 0.003424657534246575 0.010273972602739725
52.0 1 4 292 0.003424657534246575 0.0136986301369863
60.0 1 5 292 0.003424657534246575 0.017123287671232876
99.0 1 6 292 0.003424657534246575 0.02054794520547945
100.0 1 7 292 0.003424657534246575 0.023972602739726026
119.0 1 8 292 0.003424657534246575 0.0273972602739726
124.0 1 9 292 0.003424657534246575 0.030821917808219176
130.0 1 10 292 0.003424657534246575 0.03424657534246575
132.0 1 11 292 0.003424657534246575 0.03767123287671233
135.0 2 13 292 0.00684931506849315 0.04452054794520548
136.0 1 14 292 0.003424657534246575 0.04794520547945205
137.0 1 15 292 0.003424657534246575 0.05136986301369863
138.0 1 16 292 0.003424657534246575 0.0547945205479452
140.0 2 18 292 0.00684931506849315 0.06164383561643835
141.0 3 21 292 0.010273972602739725 0.07191780821917808
144.0 1 22 292 0.003424657534246575 0.07534246575342465
145.0 1 23 292 0.003424657534246575 0.07876712328767123
151.0 1 24 292 0.003424657534246575 0.0821917808219178
155.0 2 26 292 0.00684931506849315 0.08904109589041095
157.0 1 27 292 0.003424657534246575 0.09246575342465753
158.0 1 28 292 0.003424657534246575 0.0958904109589041
160.0 3 31 292 0.010273972602739725 0.10616438356164383
161.0 2 33 292 0.00684931506849315 0.11301369863013698
162.0 2 35 292 0.00684931506849315 0.11986301369863013
163.0 1 36 292 0.003424657534246575 0.1232876712328767
164.0 1 37 292 0.003424657534246575 0.1267123287671233
165.0 3 40 292 0.010273972602739725 0.136986301369863
166.0 1 41 292 0.003424657534246575 0.1404109589041096
169.0 1 42 292 0.003424657534246575 0.14383561643835616
170.0 2 44 292 0.00684931506849315 0.1506849315068493
173.0 5 49 292 0.017123287671232876 0.1678082191780822
174.0 1 50 292 0.003424657534246575 0.17123287671232876
175.0 1 51 292 0.003424657534246575 0.17465753424657535
176.0 1 52 292 0.003424657534246575 0.1780821917808219
177.0 1 53 292 0.003424657534246575 0.1815068493150685
178.0 1 54 292 0.003424657534246575 0.18493150684931506
181.0 1 55 292 0.003424657534246575 0.18835616438356165
182.0 2 57 292 0.00684931506849315 0.1952054794520548
183.0 1 58 292 0.003424657534246575 0.19863013698630136
187.0 2 60 292 0.00684931506849315 0.2054794520547945
190.0 1 61 292 0.003424657534246575 0.2089041095890411
192.0 1 62 292 0.003424657534246575 0.21232876712328766
198.0 1 63 292 0.003424657534246575 0.21575342465753425
204.0 2 65 292 0.00684931506849315 0.2226027397260274
205.0 1 66 292 0.003424657534246575 0.22602739726027396
207.0 1 67 292 0.003424657534246575 0.22945205479452055
208.0 1 68 292 0.003424657534246575 0.2328767123287671
211.0 1 69 292 0.003424657534246575 0.2363013698630137
212.0 2 71 292 0.00684931506849315 0.24315068493150685
213.0 1 72 292 0.003424657534246575 0.2465753424657534
215.0 1 73 292 0.003424657534246575 0.25
216.0 1 74 292 0.003424657534246575 0.2534246575342466
217.0 2 76 292 0.00684931506849315 0.2602739726027397
218.0 2 78 292 0.00684931506849315 0.2671232876712329
219.0 2 80 292 0.00684931506849315 0.273972602739726
221.0 2 82 292 0.00684931506849315 0.2808219178082192
222.0 1 83 292 0.003424657534246575 0.2842465753424658
225.0 3 86 292 0.010273972602739725 0.2945205479452055
226.0 1 87 292 0.003424657534246575 0.2979452054794521
229.0 2 89 292 0.00684931506849315 0.3047945205479452
235.0 1 90 292 0.003424657534246575 0.3082191780821918
239.0 1 91 292 0.003424657534246575 0.3116438356164384
242.0 1 92 292 0.003424657534246575 0.3150684931506849
247.0 1 93 292 0.003424657534246575 0.3184931506849315
252.0 1 94 292 0.003424657534246575 0.3219178082191781
253.0 1 95 292 0.003424657534246575 0.3253424657534247
254.0 1 96 292 0.003424657534246575 0.3287671232876712
256.0 2 98 292 0.00684931506849315 0.3356164383561644
261.0 1 99 292 0.003424657534246575 0.339041095890411
263.0 1 100 292 0.003424657534246575 0.3424657534246575
267.0 1 101 292 0.003424657534246575 0.3458904109589041
283.0 1 102 292 0.003424657534246575 0.3493150684931507
289.0 1 103 292 0.003424657534246575 0.3527397260273973
290.0 1 104 292 0.003424657534246575 0.3561643835616438
299.0 1 105 292 0.003424657534246575 0.3595890410958904
305.0 2 107 292 0.00684931506849315 0.3664383561643836
307.0 1 108 292 0.003424657534246575 0.3698630136986301
310.0 1 109 292 0.003424657534246575 0.3732876712328767
316.0 1 110 292 0.003424657534246575 0.3767123287671233
317.0 1 111 292 0.003424657534246575 0.3801369863013699
324.0 1 112 292 0.003424657534246575 0.3835616438356164
326.0 1 113 292 0.003424657534246575 0.386986301369863
337.0 1 114 292 0.003424657534246575 0.3904109589041096
338.0 1 115 292 0.003424657534246575 0.3938356164383562
343.0 1 116 292 0.003424657534246575 0.3972602739726027
344.0 1 117 292 0.003424657534246575 0.4006849315068493
345.0 1 118 292 0.003424657534246575 0.4041095890410959
347.0 1 119 292 0.003424657534246575 0.4075342465753425
349.0 2 121 292 0.00684931506849315 0.4143835616438356
350.0 2 123 292 0.00684931506849315 0.4212328767123288
351.0 1 124 292 0.003424657534246575 0.4246575342465753
353.0 1 125 292 0.003424657534246575 0.4280821917808219
354.0 1 126 292 0.003424657534246575 0.4315068493150685
356.0 1 127 292 0.003424657534246575 0.4349315068493151
357.0 1 128 292 0.003424657534246575 0.4383561643835616
360.0 3 131 292 0.010273972602739725 0.4486301369863014
361.0 1 132 292 0.003424657534246575 0.4520547945205479
364.0 1 133 292 0.003424657534246575 0.4554794520547945
365.0 1 134 292 0.003424657534246575 0.4589041095890411
370.0 3 137 292 0.010273972602739725 0.4691780821917808
372.0 1 138 292 0.003424657534246575 0.4726027397260274
373.0 1 139 292 0.003424657534246575 0.476027397260274
374.0 1 140 292 0.003424657534246575 0.4794520547945205
376.0 1 141 292 0.003424657534246575 0.4828767123287671
377.0 1 142 292 0.003424657534246575 0.4863013698630137
380.0 1 143 292 0.003424657534246575 0.4897260273972603
383.0 2 145 292 0.00684931506849315 0.4965753424657534
386.0 1 146 292 0.003424657534246575 0.5
389.0 1 147 292 0.003424657534246575 0.5034246575342466
390.0 1 148 292 0.003424657534246575 0.5068493150684932
394.0 2 150 292 0.00684931506849315 0.5136986301369864
395.0 1 151 292 0.003424657534246575 0.5171232876712328
397.0 2 153 292 0.00684931506849315 0.523972602739726
398.0 1 154 292 0.003424657534246575 0.5273972602739726
402.0 2 156 292 0.00684931506849315 0.5342465753424658
403.0 1 157 292 0.003424657534246575 0.5376712328767124
404.0 1 158 292 0.003424657534246575 0.541095890410959
406.0 3 161 292 0.010273972602739725 0.5513698630136986
407.0 1 162 292 0.003424657534246575 0.5547945205479452
408.0 1 163 292 0.003424657534246575 0.5582191780821918
412.0 1 164 292 0.003424657534246575 0.5616438356164384
417.0 1 165 292 0.003424657534246575 0.565068493150685
418.0 1 166 292 0.003424657534246575 0.5684931506849316
421.0 1 167 292 0.003424657534246575 0.571917808219178
426.0 1 168 292 0.003424657534246575 0.5753424657534246
427.0 1 169 292 0.003424657534246575 0.5787671232876712
428.0 1 170 292 0.003424657534246575 0.5821917808219178
434.0 2 172 292 0.00684931506849315 0.589041095890411
443.0 1 173 292 0.003424657534246575 0.5924657534246576
447.0 1 174 292 0.003424657534246575 0.5958904109589042
449.0 1 175 292 0.003424657534246575 0.5993150684931506
452.0 1 176 292 0.003424657534246575 0.6027397260273972
453.0 1 177 292 0.003424657534246575 0.6061643835616438
456.0 1 178 292 0.003424657534246575 0.6095890410958904
458.0 1 179 292 0.003424657534246575 0.613013698630137
459.0 1 180 292 0.003424657534246575 0.6164383561643836
462.0 1 181 292 0.003424657534246575 0.6198630136986302
465.0 1 182 292 0.003424657534246575 0.6232876712328768
471.0 2 184 292 0.00684931506849315 0.6301369863013698
472.0 1 185 292 0.003424657534246575 0.6335616438356164
479.0 1 186 292 0.003424657534246575 0.636986301369863
480.0 1 187 292 0.003424657534246575 0.6404109589041096
481.0 1 188 292 0.003424657534246575 0.6438356164383562
483.0 2 190 292 0.00684931506849315 0.6506849315068494
487.0 1 191 292 0.003424657534246575 0.6541095890410958
490.0 1 192 292 0.003424657534246575 0.6575342465753424
498.0 1 193 292 0.003424657534246575 0.660958904109589
502.0 1 194 292 0.003424657534246575 0.6643835616438356
504.0 1 195 292 0.003424657534246575 0.6678082191780822
511.0 1 196 292 0.003424657534246575 0.6712328767123288
513.0 2 198 292 0.00684931506849315 0.678082191780822
523.0 1 199 292 0.003424657534246575 0.6815068493150684
532.0 1 200 292 0.003424657534246575 0.684931506849315
537.0 1 201 292 0.003424657534246575 0.6883561643835616
554.0 1 202 292 0.003424657534246575 0.6917808219178082
557.0 1 203 292 0.003424657534246575 0.6952054794520548
558.0 1 204 292 0.003424657534246575 0.6986301369863014
605.0 1 205 292 0.003424657534246575 0.702054794520548
614.0 1 206 292 0.003424657534246575 0.7054794520547946
616.0 1 207 292 0.003424657534246575 0.708904109589041
634.0 1 208 292 0.003424657534246575 0.7123287671232876
645.0 1 209 292 0.003424657534246575 0.7157534246575342
661.0 1 210 292 0.003424657534246575 0.7191780821917808
671.0 1 211 292 0.003424657534246575 0.7226027397260274
674.0 2 213 292 0.00684931506849315 0.7294520547945206
680.0 1 214 292 0.003424657534246575 0.7328767123287672
682.0 1 215 292 0.003424657534246575 0.7363013698630136
687.0 1 216 292 0.003424657534246575 0.7397260273972602
691.0 1 217 292 0.003424657534246575 0.7431506849315068
693.0 1 218 292 0.003424657534246575 0.7465753424657534
695.0 1 219 292 0.003424657534246575 0.75
697.0 1 220 292 0.003424657534246575 0.7534246575342466
700.0 1 221 292 0.003424657534246575 0.7568493150684932
701.0 1 222 292 0.003424657534246575 0.7602739726027398
706.0 1 223 292 0.003424657534246575 0.7636986301369864
710.0 1 224 292 0.003424657534246575 0.7671232876712328
713.0 1 225 292 0.003424657534246575 0.7705479452054794
718.0 1 226 292 0.003424657534246575 0.773972602739726
720.0 1 227 292 0.003424657534246575 0.7773972602739726
724.0 1 228 292 0.003424657534246575 0.7808219178082192
731.0 1 229 292 0.003424657534246575 0.7842465753424658
746.0 1 230 292 0.003424657534246575 0.7876712328767124
747.0 1 231 292 0.003424657534246575 0.791095890410959
751.0 1 232 292 0.003424657534246575 0.7945205479452054
754.0 1 233 292 0.003424657534246575 0.797945205479452
760.0 1 234 292 0.003424657534246575 0.8013698630136986
763.0 1 235 292 0.003424657534246575 0.8047945205479452
767.0 1 236 292 0.003424657534246575 0.8082191780821918
773.0 1 237 292 0.003424657534246575 0.8116438356164384
774.0 1 238 292 0.003424657534246575 0.815068493150685
779.0 1 239 292 0.003424657534246575 0.8184931506849316
783.0 1 240 292 0.003424657534246575 0.821917808219178
794.0 1 241 292 0.003424657534246575 0.8253424657534246
809.0 1 242 292 0.003424657534246575 0.8287671232876712
840.0 1 243 292 0.003424657534246575 0.8321917808219178
845.0 1 244 292 0.003424657534246575 0.8356164383561644
886.0 1 245 292 0.003424657534246575 0.839041095890411
924.0 1 246 292 0.003424657534246575 0.8424657534246576
930.0 1 247 292 0.003424657534246575 0.8458904109589042
935.0 1 248 292 0.003424657534246575 0.8493150684931506
967.0 1 249 292 0.003424657534246575 0.8527397260273972
971.0 1 250 292 0.003424657534246575 0.8561643835616438
1090.0 1 251 292 0.003424657534246575 0.8595890410958904
1103.0 1 252 292 0.003424657534246575 0.863013698630137
1162.0 1 253 292 0.003424657534246575 0.8664383561643836
1170.0 1 254 292 0.003424657534246575 0.8698630136986302
1177.0 1 255 292 0.003424657534246575 0.8732876712328768
1202.0 1 256 292 0.003424657534246575 0.8767123287671232
1218.0 1 257 292 0.003424657534246575 0.8801369863013698
1295.0 1 258 292 0.003424657534246575 0.8835616438356164
1296.0 1 259 292 0.003424657534246575 0.886986301369863
1319.0 1 260 292 0.003424657534246575 0.8904109589041096
1407.0 1 261 292 0.003424657534246575 0.8938356164383562
1633.0 1 262 292 0.003424657534246575 0.8972602739726028
1636.0 2 264 292 0.00684931506849315 0.9041095890410958
1639.0 1 265 292 0.003424657534246575 0.9075342465753424
1640.0 1 266 292 0.003424657534246575 0.910958904109589
1645.0 1 267 292 0.003424657534246575 0.9143835616438356
1650.0 1 268 292 0.003424657534246575 0.9178082191780822
1658.0 1 269 292 0.003424657534246575 0.9212328767123288
1662.0 2 271 292 0.00684931506849315 0.928082191780822
1663.0 1 272 292 0.003424657534246575 0.9315068493150684
1664.0 1 273 292 0.003424657534246575 0.934931506849315
1676.0 1 274 292 0.003424657534246575 0.9383561643835616
1678.0 1 275 292 0.003424657534246575 0.9417808219178082
1683.0 1 276 292 0.003424657534246575 0.9452054794520548
1686.0 1 277 292 0.003424657534246575 0.9486301369863014
1696.0 1 278 292 0.003424657534246575 0.952054794520548
1708.0 1 279 292 0.003424657534246575 0.9554794520547946
1720.0 1 280 292 0.003424657534246575 0.958904109589041
1735.0 1 281 292 0.003424657534246575 0.9623287671232876
1762.0 1 282 292 0.003424657534246575 0.9657534246575342
1769.0 1 283 292 0.003424657534246575 0.9691780821917808
1792.0 1 284 292 0.003424657534246575 0.9726027397260274
1807.0 1 285 292 0.003424657534246575 0.976027397260274
1843.0 1 286 292 0.003424657534246575 0.9794520547945206
1864.0 1 287 292 0.003424657534246575 0.9828767123287672
1866.0 1 288 292 0.003424657534246575 0.9863013698630136
1900.0 1 289 292 0.003424657534246575 0.9897260273972602
1996.0 1 290 292 0.003424657534246575 0.9931506849315068
2047.0 1 291 292 0.003424657534246575 0.9965753424657534
2437.0 1 292 292 0.003424657534246575 1.0
