0.0 7 7 321 0.021806853582554516 0.021806853582554516
25.0 1 8 321 0.003115264797507788 0.024922118380062305
28.0 1 9 321 0.003115264797507788 0.028037383177570093
32.0 1 10 321 0.003115264797507788 0.03115264797507788
51.0 1 11 321 0.003115264797507788 0.03426791277258567
59.0 1 12 321 0.003115264797507788 0.037383177570093455
96.0 1 13 321 0.003115264797507788 0.040498442367601244
98.0 1 14 321 0.003115264797507788 0.04361370716510903
120.0 1 15 321 0.003115264797507788 0.04672897196261682
123.0 1 16 321 0.003115264797507788 0.04984423676012461
124.0 1 17 321 0.003115264797507788 0.0529595015576324
125.0 1 18 321 0.003115264797507788 0.056074766355140186
129.0 1 19 321 0.003115264797507788 0.059190031152647975
131.0 2 21 321 0.006230529595015576 0.06542056074766354
136.0 3 24 321 0.009345794392523364 0.07476635514018691
137.0 2 26 321 0.006230529595015576 0.08099688473520249
138.0 2 28 321 0.006230529595015576 0.08722741433021806
140.0 1 29 321 0.003115264797507788 0.09034267912772585
144.0 2 31 321 0.006230529595015576 0.09657320872274143
147.0 1 32 321 0.003115264797507788 0.09968847352024922
150.0 1 33 321 0.003115264797507788 0.102803738317757
153.0 2 35 321 0.006230529595015576 0.10903426791277258
154.0 1 36 321 0.003115264797507788 0.11214953271028037
155.0 1 37 321 0.003115264797507788 0.11526479750778816
156.0 1 38 321 0.003115264797507788 0.11838006230529595
157.0 1 39 321 0.003115264797507788 0.12149532710280374
158.0 1 40 321 0.003115264797507788 0.12461059190031153
159.0 4 44 321 0.012461059190031152 0.13707165109034267
162.0 2 46 321 0.006230529595015576 0.14330218068535824
164.0 2 48 321 0.006230529595015576 0.14953271028037382
165.0 4 52 321 0.012461059190031152 0.16199376947040497
166.0 2 54 321 0.006230529595015576 0.16822429906542055
167.0 1 55 321 0.003115264797507788 0.17133956386292834
168.0 2 57 321 0.006230529595015576 0.17757009345794392
169.0 2 59 321 0.006230529595015576 0.1838006230529595
172.0 1 60 321 0.003115264797507788 0.18691588785046728
177.0 2 62 321 0.006230529595015576 0.19314641744548286
178.0 2 64 321 0.006230529595015576 0.19937694704049844
180.0 1 65 321 0.003115264797507788 0.20249221183800623
181.0 1 66 321 0.003115264797507788 0.205607476635514
182.0 1 67 321 0.003115264797507788 0.2087227414330218
184.0 1 68 321 0.003115264797507788 0.2118380062305296
187.0 1 69 321 0.003115264797507788 0.21495327102803738
188.0 1 70 321 0.003115264797507788 0.21806853582554517
191.0 1 71 321 0.003115264797507788 0.22118380062305296
194.0 1 72 321 0.003115264797507788 0.22429906542056074
198.0 1 73 321 0.003115264797507788 0.22741433021806853
203.0 1 74 321 0.003115264797507788 0.23052959501557632
207.0 1 75 321 0.003115264797507788 0.2336448598130841
208.0 1 76 321 0.003115264797507788 0.2367601246105919
209.0 2 78 321 0.006230529595015576 0.24299065420560748
210.0 2 80 321 0.006230529595015576 0.24922118380062305
211.0 1 81 321 0.003115264797507788 0.2523364485981308
212.0 1 82 321 0.003115264797507788 0.2554517133956386
214.0 1 83 321 0.003115264797507788 0.2585669781931464
216.0 3 86 321 0.009345794392523364 0.26791277258566976
217.0 3 89 321 0.009345794392523364 0.2772585669781931
219.0 1 90 321 0.003115264797507788 0.2803738317757009
222.0 3 93 321 0.009345794392523364 0.2897196261682243
223.0 2 95 321 0.006230529595015576 0.29595015576323985
225.0 1 96 321 0.003115264797507788 0.29906542056074764
227.0 1 97 321 0.003115264797507788 0.30218068535825543
239.0 1 98 321 0.003115264797507788 0.3052959501557632
244.0 2 100 321 0.006230529595015576 0.3115264797507788
245.0 1 101 321 0.003115264797507788 0.3146417445482866
251.0 1 102 321 0.003115264797507788 0.3177570093457944
252.0 1 103 321 0.003115264797507788 0.32087227414330216
254.0 1 104 321 0.003115264797507788 0.32398753894080995
262.0 1 105 321 0.003115264797507788 0.32710280373831774
264.0 1 106 321 0.003115264797507788 0.3302180685358255
266.0 1 107 321 0.003115264797507788 0.3333333333333333
269.0 1 108 321 0.003115264797507788 0.3364485981308411
278.0 1 109 321 0.003115264797507788 0.3395638629283489
288.0 2 111 321 0.006230529595015576 0.34579439252336447
301.0 1 112 321 0.003115264797507788 0.34890965732087226
302.0 1 113 321 0.003115264797507788 0.35202492211838005
303.0 2 115 321 0.006230529595015576 0.3582554517133956
312.0 1 116 321 0.003115264797507788 0.3613707165109034
316.0 1 117 321 0.003115264797507788 0.3644859813084112
320.0 1 118 321 0.003115264797507788 0.367601246105919
327.0 1 119 321 0.003115264797507788 0.3707165109034268
329.0 1 120 321 0.003115264797507788 0.37383177570093457
332.0 1 121 321 0.003115264797507788 0.37694704049844235
342.0 1 122 321 0.003115264797507788 0.38006230529595014
343.0 1 123 321 0.003115264797507788 0.38317757009345793
344.0 2 125 321 0.006230529595015576 0.3894080996884735
345.0 1 126 321 0.003115264797507788 0.3925233644859813
348.0 2 128 321 0.006230529595015576 0.3987538940809969
349.0 2 130 321 0.006230529595015576 0.40498442367601245
350.0 2 132 321 0.006230529595015576 0.411214953271028
354.0 1 133 321 0.003115264797507788 0.4143302180685358
357.0 1 134 321 0.003115264797507788 0.4174454828660436
358.0 2 136 321 0.006230529595015576 0.4236760124610592
361.0 3 139 321 0.009345794392523364 0.43302180685358255
363.0 1 140 321 0.003115264797507788 0.43613707165109034
364.0 2 142 321 0.006230529595015576 0.4423676012461059
366.0 1 143 321 0.003115264797507788 0.4454828660436137
368.0 1 144 321 0.003115264797507788 0.4485981308411215
370.0 1 145 321 0.003115264797507788 0.4517133956386293
373.0 1 146 321 0.003115264797507788 0.45482866043613707
376.0 1 147 321 0.003115264797507788 0.45794392523364486
378.0 1 148 321 0.003115264797507788 0.46105919003115264
379.0 1 149 321 0.003115264797507788 0.46417445482866043
380.0 1 150 321 0.003115264797507788 0.4672897196261682
382.0 1 151 321 0.003115264797507788 0.470404984423676
385.0 1 152 321 0.003115264797507788 0.4735202492211838
386.0 1 153 321 0.003115264797507788 0.4766355140186916
389.0 1 154 321 0.003115264797507788 0.4797507788161994
392.0 1 155 321 0.003115264797507788 0.48286604361370716
394.0 1 156 321 0.003115264797507788 0.48598130841121495
396.0 1 157 321 0.003115264797507788 0.48909657320872274
397.0 2 159 321 0.006230529595015576 0.4953271028037383
400.0 2 161 321 0.006230529595015576 0.5015576323987538
402.0 1 162 321 0.003115264797507788 0.5046728971962616
403.0 1 163 321 0.003115264797507788 0.5077881619937694
405.0 2 165 321 0.006230529595015576 0.514018691588785
406.0 1 166 321 0.003115264797507788 0.5171339563862928
408.0 2 168 321 0.006230529595015576 0.5233644859813084
411.0 2 170 321 0.006230529595015576 0.5295950155763239
415.0 1 171 321 0.003115264797507788 0.5327102803738317
419.0 2 173 321 0.006230529595015576 0.5389408099688473
425.0 1 174 321 0.003115264797507788 0.5420560747663551
426.0 1 175 321 0.003115264797507788 0.5451713395638629
430.0 1 176 321 0.003115264797507788 0.5482866043613707
436.0 1 177 321 0.003115264797507788 0.5514018691588785
439.0 2 179 321 0.006230529595015576 0.557632398753894
444.0 1 180 321 0.003115264797507788 0.5607476635514018
446.0 1 181 321 0.003115264797507788 0.5638629283489096
451.0 1 182 321 0.003115264797507788 0.5669781931464174
452.0 1 183 321 0.003115264797507788 0.5700934579439252
454.0 2 185 321 0.006230529595015576 0.5763239875389408
457.0 1 186 321 0.003115264797507788 0.5794392523364486
458.0 1 187 321 0.003115264797507788 0.5825545171339563
459.0 1 188 321 0.003115264797507788 0.5856697819314641
460.0 1 189 321 0.003115264797507788 0.5887850467289719
461.0 1 190 321 0.003115264797507788 0.5919003115264797
462.0 1 191 321 0.003115264797507788 0.5950155763239875
466.0 2 193 321 0.006230529595015576 0.6012461059190031
467.0 2 195 321 0.006230529595015576 0.6074766355140186
475.0 2 197 321 0.006230529595015576 0.6137071651090342
476.0 2 199 321 0.006230529595015576 0.6199376947040498
479.0 1 200 321 0.003115264797507788 0.6230529595015576
480.0 2 202 321 0.006230529595015576 0.6292834890965732
481.0 1 203 321 0.003115264797507788 0.632398753894081
483.0 2 205 321 0.006230529595015576 0.6386292834890965
486.0 1 206 321 0.003115264797507788 0.6417445482866043
487.0 1 207 321 0.003115264797507788 0.6448598130841121
501.0 1 208 321 0.003115264797507788 0.6479750778816199
505.0 1 209 321 0.003115264797507788 0.6510903426791277
506.0 1 210 321 0.003115264797507788 0.6542056074766355
508.0 1 211 321 0.003115264797507788 0.6573208722741433
511.0 1 212 321 0.003115264797507788 0.660436137071651
516.0 1 213 321 0.003115264797507788 0.6635514018691588
529.0 1 214 321 0.003115264797507788 0.6666666666666666
530.0 1 215 321 0.003115264797507788 0.6697819314641744
538.0 2 217 321 0.006230529595015576 0.67601246105919
556.0 1 218 321 0.003115264797507788 0.6791277258566978
557.0 1 219 321 0.003115264797507788 0.6822429906542056
559.0 1 220 321 0.003115264797507788 0.6853582554517134
560.0 1 221 321 0.003115264797507788 0.6884735202492211
591.0 1 222 321 0.003115264797507788 0.6915887850467289
596.0 1 223 321 0.003115264797507788 0.6947040498442367
600.0 2 225 321 0.006230529595015576 0.7009345794392523
619.0 1 226 321 0.003115264797507788 0.7040498442367601
623.0 2 228 321 0.006230529595015576 0.7102803738317757
626.0 1 229 321 0.003115264797507788 0.7133956386292835
631.0 1 230 321 0.003115264797507788 0.7165109034267912
657.0 1 231 321 0.003115264797507788 0.719626168224299
668.0 1 232 321 0.003115264797507788 0.7227414330218068
670.0 1 233 321 0.003115264797507788 0.7258566978193146
671.0 1 234 321 0.003115264797507788 0.7289719626168224
676.0 1 235 321 0.003115264797507788 0.7320872274143302
678.0 2 237 321 0.006230529595015576 0.7383177570093458
681.0 2 239 321 0.006230529595015576 0.7445482866043613
684.0 3 242 321 0.009345794392523364 0.7538940809968847
687.0 1 243 321 0.003115264797507788 0.7570093457943925
689.0 1 244 321 0.003115264797507788 0.7601246105919003
691.0 1 245 321 0.003115264797507788 0.7632398753894081
693.0 1 246 321 0.003115264797507788 0.7663551401869159
697.0 1 247 321 0.003115264797507788 0.7694704049844237
700.0 1 248 321 0.003115264797507788 0.7725856697819314
704.0 1 249 321 0.003115264797507788 0.7757009345794392
714.0 1 250 321 0.003115264797507788 0.778816199376947
715.0 1 251 321 0.003115264797507788 0.7819314641744548
716.0 1 252 321 0.003115264797507788 0.7850467289719626
717.0 1 253 321 0.003115264797507788 0.7881619937694704
724.0 1 254 321 0.003115264797507788 0.7912772585669782
731.0 1 255 321 0.003115264797507788 0.794392523364486
750.0 1 256 321 0.003115264797507788 0.7975077881619937
754.0 1 257 321 0.003115264797507788 0.8006230529595015
762.0 1 258 321 0.003115264797507788 0.8037383177570093
764.0 1 259 321 0.003115264797507788 0.8068535825545171
767.0 1 260 321 0.003115264797507788 0.8099688473520249
775.0 1 261 321 0.003115264797507788 0.8130841121495327
778.0 1 262 321 0.003115264797507788 0.8161993769470405
785.0 1 263 321 0.003115264797507788 0.8193146417445483
789.0 1 264 321 0.003115264797507788 0.822429906542056
793.0 1 265 321 0.003115264797507788 0.8255451713395638
812.0 1 266 321 0.003115264797507788 0.8286604361370716
842.0 1 267 321 0.003115264797507788 0.8317757009345794
848.0 1 268 321 0.003115264797507788 0.8348909657320872
878.0 1 269 321 0.003115264797507788 0.838006230529595
885.0 1 270 321 0.003115264797507788 0.8411214953271028
921.0 1 271 321 0.003115264797507788 0.8442367601246106
927.0 1 272 321 0.003115264797507788 0.8473520249221184
943.0 1 273 321 0.003115264797507788 0.8504672897196262
961.0 1 274 321 0.003115264797507788 0.8535825545171339
979.0 1 275 321 0.003115264797507788 0.8566978193146417
1015.0 1 276 321 0.003115264797507788 0.8598130841121495
1090.0 1 277 321 0.003115264797507788 0.8629283489096573
1103.0 1 278 321 0.003115264797507788 0.8660436137071651
1150.0 1 279 321 0.003115264797507788 0.8691588785046729
1165.0 1 280 321 0.003115264797507788 0.8722741433021807
1180.0 1 281 321 0.003115264797507788 0.8753894080996885
1192.0 1 282 321 0.003115264797507788 0.8785046728971962
1203.0 1 283 321 0.003115264797507788 0.881619937694704
1220.0 1 284 321 0.003115264797507788 0.8847352024922118
1296.0 1 285 321 0.003115264797507788 0.8878504672897196
1300.0 1 286 321 0.003115264797507788 0.8909657320872274
1324.0 1 287 321 0.003115264797507788 0.8940809968847352
1410.0 1 288 321 0.003115264797507788 0.897196261682243
1633.0 1 289 321 0.003115264797507788 0.9003115264797508
1635.0 1 290 321 0.003115264797507788 0.9034267912772586
1638.0 1 291 321 0.003115264797507788 0.9065420560747663
1640.0 1 292 321 0.003115264797507788 0.9096573208722741
1641.0 1 293 321 0.003115264797507788 0.9127725856697819
1642.0 1 294 321 0.003115264797507788 0.9158878504672897
1648.0 1 295 321 0.003115264797507788 0.9190031152647975
1650.0 1 296 321 0.003115264797507788 0.9221183800623053
1659.0 1 297 321 0.003115264797507788 0.9252336448598131
1663.0 1 298 321 0.003115264797507788 0.9283489096573209
1669.0 1 299 321 0.003115264797507788 0.9314641744548287
1674.0 2 301 321 0.006230529595015576 0.9376947040498442
1683.0 1 302 321 0.003115264797507788 0.940809968847352
1700.0 2 304 321 0.006230529595015576 0.9470404984423676
1705.0 1 305 321 0.003115264797507788 0.9501557632398754
1726.0 1 306 321 0.003115264797507788 0.9532710280373832
1753.0 1 307 321 0.003115264797507788 0.956386292834891
1774.0 1 308 321 0.003115264797507788 0.9595015576323987
1793.0 1 309 321 0.003115264797507788 0.9626168224299065
1800.0 1 310 321 0.003115264797507788 0.9657320872274143
1827.0 1 311 321 0.003115264797507788 0.9688473520249221
1846.0 1 312 321 0.003115264797507788 0.9719626168224299
1853.0 1 313 321 0.003115264797507788 0.9750778816199377
1860.0 1 314 321 0.003115264797507788 0.9781931464174455
1861.0 1 315 321 0.003115264797507788 0.9813084112149533
1904.0 1 316 321 0.003115264797507788 0.9844236760124611
1992.0 1 317 321 0.003115264797507788 0.9875389408099688
2047.0 1 318 321 0.003115264797507788 0.9906542056074766
2443.0 1 319 321 0.003115264797507788 0.9937694704049844
4556.0 1 320 321 0.003115264797507788 0.9968847352024922
4560.0 1 321 321 0.003115264797507788 1.0
