0.0 1 1 1235 0.0008097165991902834 0.0008097165991902834
15.0 2 3 1235 0.0016194331983805667 0.0024291497975708503
17.0 1 4 1235 0.0008097165991902834 0.0032388663967611335
19.0 6 10 1235 0.004858299595141701 0.008097165991902834
20.0 1 11 1235 0.0008097165991902834 0.008906882591093117
21.0 5 16 1235 0.004048582995951417 0.012955465587044534
23.0 4 20 1235 0.0032388663967611335 0.016194331983805668
25.0 7 27 1235 0.005668016194331984 0.02186234817813765
26.0 3 30 1235 0.0024291497975708503 0.024291497975708502
27.0 3 33 1235 0.0024291497975708503 0.026720647773279354
28.0 1 34 1235 0.0008097165991902834 0.027530364372469637
30.0 4 38 1235 0.0032388663967611335 0.03076923076923077
31.0 5 43 1235 0.004048582995951417 0.034817813765182185
32.0 7 50 1235 0.005668016194331984 0.04048582995951417
33.0 3 53 1235 0.0024291497975708503 0.04291497975708502
34.0 7 60 1235 0.005668016194331984 0.048582995951417005
35.0 6 66 1235 0.004858299595141701 0.05344129554655871
36.0 5 71 1235 0.004048582995951417 0.05748987854251012
37.0 3 74 1235 0.0024291497975708503 0.05991902834008097
38.0 1 75 1235 0.0008097165991902834 0.06072874493927125
39.0 5 80 1235 0.004048582995951417 0.06477732793522267
40.0 1 81 1235 0.0008097165991902834 0.06558704453441296
42.0 2 83 1235 0.0016194331983805667 0.06720647773279352
43.0 1 84 1235 0.0008097165991902834 0.0680161943319838
44.0 1 85 1235 0.0008097165991902834 0.06882591093117409
45.0 3 88 1235 0.0024291497975708503 0.07125506072874493
46.0 1 89 1235 0.0008097165991902834 0.07206477732793522
47.0 1 90 1235 0.0008097165991902834 0.0728744939271255
48.0 2 92 1235 0.0016194331983805667 0.07449392712550608
49.0 1 93 1235 0.0008097165991902834 0.07530364372469636
52.0 1 94 1235 0.0008097165991902834 0.07611336032388664
55.0 1 95 1235 0.0008097165991902834 0.07692307692307693
56.0 1 96 1235 0.0008097165991902834 0.07773279352226721
57.0 3 99 1235 0.0024291497975708503 0.08016194331983806
58.0 2 101 1235 0.0016194331983805667 0.08178137651821862
59.0 1 102 1235 0.0008097165991902834 0.0825910931174089
60.0 1 103 1235 0.0008097165991902834 0.08340080971659919
62.0 1 104 1235 0.0008097165991902834 0.08421052631578947
63.0 4 108 1235 0.0032388663967611335 0.0874493927125506
64.0 1 109 1235 0.0008097165991902834 0.08825910931174089
65.0 2 111 1235 0.0016194331983805667 0.08987854251012145
66.0 1 112 1235 0.0008097165991902834 0.09068825910931175
67.0 4 116 1235 0.0032388663967611335 0.09392712550607288
68.0 5 121 1235 0.004048582995951417 0.09797570850202429
69.0 1 122 1235 0.0008097165991902834 0.09878542510121457
70.0 4 126 1235 0.0032388663967611335 0.1020242914979757
71.0 3 129 1235 0.0024291497975708503 0.10445344129554655
72.0 1 130 1235 0.0008097165991902834 0.10526315789473684
73.0 4 134 1235 0.0032388663967611335 0.10850202429149798
74.0 5 139 1235 0.004048582995951417 0.1125506072874494
75.0 2 141 1235 0.0016194331983805667 0.11417004048582996
76.0 4 145 1235 0.0032388663967611335 0.11740890688259109
77.0 3 148 1235 0.0024291497975708503 0.11983805668016194
78.0 1 149 1235 0.0008097165991902834 0.12064777327935222
79.0 1 150 1235 0.0008097165991902834 0.1214574898785425
80.0 1 151 1235 0.0008097165991902834 0.12226720647773279
81.0 2 153 1235 0.0016194331983805667 0.12388663967611337
82.0 5 158 1235 0.004048582995951417 0.12793522267206478
83.0 2 160 1235 0.0016194331983805667 0.12955465587044535
85.0 4 164 1235 0.0032388663967611335 0.13279352226720648
86.0 1 165 1235 0.0008097165991902834 0.13360323886639677
87.0 1 166 1235 0.0008097165991902834 0.13441295546558704
89.0 2 168 1235 0.0016194331983805667 0.1360323886639676
90.0 4 172 1235 0.0032388663967611335 0.13927125506072874
91.0 4 176 1235 0.0032388663967611335 0.14251012145748987
92.0 2 178 1235 0.0016194331983805667 0.14412955465587043
93.0 1 179 1235 0.0008097165991902834 0.14493927125506073
94.0 1 180 1235 0.0008097165991902834 0.145748987854251
96.0 3 183 1235 0.0024291497975708503 0.14817813765182186
97.0 3 186 1235 0.0024291497975708503 0.15060728744939272
98.0 4 190 1235 0.0032388663967611335 0.15384615384615385
99.0 2 192 1235 0.0016194331983805667 0.15546558704453442
101.0 2 194 1235 0.0016194331983805667 0.15708502024291499
102.0 2 196 1235 0.0016194331983805667 0.15870445344129555
104.0 4 200 1235 0.0032388663967611335 0.16194331983805668
105.0 5 205 1235 0.004048582995951417 0.1659919028340081
106.0 2 207 1235 0.0016194331983805667 0.16761133603238867
107.0 3 210 1235 0.0024291497975708503 0.1700404858299595
108.0 3 213 1235 0.0024291497975708503 0.17246963562753037
109.0 2 215 1235 0.0016194331983805667 0.17408906882591094
110.0 2 217 1235 0.0016194331983805667 0.1757085020242915
111.0 3 220 1235 0.0024291497975708503 0.17813765182186234
112.0 1 221 1235 0.0008097165991902834 0.17894736842105263
113.0 2 223 1235 0.0016194331983805667 0.1805668016194332
114.0 2 225 1235 0.0016194331983805667 0.18218623481781376
115.0 2 227 1235 0.0016194331983805667 0.18380566801619433
116.0 1 228 1235 0.0008097165991902834 0.18461538461538463
117.0 1 229 1235 0.0008097165991902834 0.1854251012145749
118.0 1 230 1235 0.0008097165991902834 0.1862348178137652
119.0 1 231 1235 0.0008097165991902834 0.18704453441295546
120.0 6 237 1235 0.004858299595141701 0.19190283400809716
121.0 1 238 1235 0.0008097165991902834 0.19271255060728745
123.0 6 244 1235 0.004858299595141701 0.19757085020242915
124.0 1 245 1235 0.0008097165991902834 0.19838056680161945
125.0 2 247 1235 0.0016194331983805667 0.2
126.0 2 249 1235 0.0016194331983805667 0.20161943319838058
127.0 3 252 1235 0.0024291497975708503 0.2040485829959514
128.0 3 255 1235 0.0024291497975708503 0.20647773279352227
129.0 3 258 1235 0.0024291497975708503 0.2089068825910931
130.0 1 259 1235 0.0008097165991902834 0.2097165991902834
131.0 2 261 1235 0.0016194331983805667 0.21133603238866397
132.0 3 264 1235 0.0024291497975708503 0.21376518218623483
133.0 4 268 1235 0.0032388663967611335 0.21700404858299596
135.0 1 269 1235 0.0008097165991902834 0.21781376518218623
137.0 2 271 1235 0.0016194331983805667 0.2194331983805668
138.0 4 275 1235 0.0032388663967611335 0.22267206477732793
139.0 4 279 1235 0.0032388663967611335 0.22591093117408906
140.0 3 282 1235 0.0024291497975708503 0.22834008097165992
142.0 2 284 1235 0.0016194331983805667 0.22995951417004049
143.0 1 285 1235 0.0008097165991902834 0.23076923076923078
144.0 1 286 1235 0.0008097165991902834 0.23157894736842105
145.0 2 288 1235 0.0016194331983805667 0.23319838056680162
146.0 1 289 1235 0.0008097165991902834 0.2340080971659919
147.0 2 291 1235 0.0016194331983805667 0.23562753036437248
148.0 7 298 1235 0.005668016194331984 0.24129554655870444
150.0 3 301 1235 0.0024291497975708503 0.2437246963562753
151.0 5 306 1235 0.004048582995951417 0.24777327935222673
152.0 4 310 1235 0.0032388663967611335 0.25101214574898784
154.0 1 311 1235 0.0008097165991902834 0.25182186234817816
155.0 2 313 1235 0.0016194331983805667 0.2534412955465587
156.0 3 316 1235 0.0024291497975708503 0.25587044534412956
157.0 2 318 1235 0.0016194331983805667 0.2574898785425101
158.0 2 320 1235 0.0016194331983805667 0.2591093117408907
159.0 4 324 1235 0.0032388663967611335 0.2623481781376518
160.0 6 330 1235 0.004858299595141701 0.26720647773279355
161.0 4 334 1235 0.0032388663967611335 0.2704453441295547
162.0 4 338 1235 0.0032388663967611335 0.2736842105263158
163.0 3 341 1235 0.0024291497975708503 0.2761133603238866
164.0 5 346 1235 0.004048582995951417 0.28016194331983807
166.0 2 348 1235 0.0016194331983805667 0.2817813765182186
167.0 5 353 1235 0.004048582995951417 0.28582995951417006
169.0 4 357 1235 0.0032388663967611335 0.2890688259109312
170.0 4 361 1235 0.0032388663967611335 0.2923076923076923
171.0 2 363 1235 0.0016194331983805667 0.29392712550607286
172.0 3 366 1235 0.0024291497975708503 0.2963562753036437
173.0 1 367 1235 0.0008097165991902834 0.297165991902834
174.0 1 368 1235 0.0008097165991902834 0.2979757085020243
175.0 4 372 1235 0.0032388663967611335 0.30121457489878545
176.0 5 377 1235 0.004048582995951417 0.30526315789473685
177.0 5 382 1235 0.004048582995951417 0.30931174089068825
178.0 3 385 1235 0.0024291497975708503 0.3117408906882591
179.0 5 390 1235 0.004048582995951417 0.3157894736842105
180.0 2 392 1235 0.0016194331983805667 0.3174089068825911
181.0 2 394 1235 0.0016194331983805667 0.31902834008097164
182.0 1 395 1235 0.0008097165991902834 0.31983805668016196
183.0 2 397 1235 0.0016194331983805667 0.3214574898785425
184.0 2 399 1235 0.0016194331983805667 0.3230769230769231
185.0 2 401 1235 0.0016194331983805667 0.32469635627530363
186.0 4 405 1235 0.0032388663967611335 0.32793522267206476
187.0 1 406 1235 0.0008097165991902834 0.3287449392712551
188.0 1 407 1235 0.0008097165991902834 0.32955465587044536
189.0 1 408 1235 0.0008097165991902834 0.3303643724696356
190.0 3 411 1235 0.0024291497975708503 0.3327935222672065
192.0 1 412 1235 0.0008097165991902834 0.33360323886639676
193.0 3 415 1235 0.0024291497975708503 0.3360323886639676
194.0 1 416 1235 0.0008097165991902834 0.3368421052631579
195.0 1 417 1235 0.0008097165991902834 0.33765182186234816
196.0 5 422 1235 0.004048582995951417 0.3417004048582996
197.0 2 424 1235 0.0016194331983805667 0.34331983805668015
198.0 5 429 1235 0.004048582995951417 0.3473684210526316
199.0 3 432 1235 0.0024291497975708503 0.3497975708502024
201.0 2 434 1235 0.0016194331983805667 0.351417004048583
202.0 5 439 1235 0.004048582995951417 0.3554655870445344
203.0 2 441 1235 0.0016194331983805667 0.357085020242915
206.0 3 444 1235 0.0024291497975708503 0.3595141700404858
207.0 1 445 1235 0.0008097165991902834 0.3603238866396761
208.0 3 448 1235 0.0024291497975708503 0.362753036437247
209.0 5 453 1235 0.004048582995951417 0.3668016194331984
210.0 1 454 1235 0.0008097165991902834 0.36761133603238866
211.0 4 458 1235 0.0032388663967611335 0.3708502024291498
212.0 3 461 1235 0.0024291497975708503 0.37327935222672065
213.0 3 464 1235 0.0024291497975708503 0.3757085020242915
214.0 4 468 1235 0.0032388663967611335 0.37894736842105264
215.0 1 469 1235 0.0008097165991902834 0.3797570850202429
216.0 2 471 1235 0.0016194331983805667 0.3813765182186235
217.0 3 474 1235 0.0024291497975708503 0.3838056680161943
218.0 1 475 1235 0.0008097165991902834 0.38461538461538464
219.0 2 477 1235 0.0016194331983805667 0.3862348178137652
220.0 1 478 1235 0.0008097165991902834 0.38704453441295544
221.0 4 482 1235 0.0032388663967611335 0.3902834008097166
223.0 4 486 1235 0.0032388663967611335 0.39352226720647776
227.0 3 489 1235 0.0024291497975708503 0.39595141700404857
228.0 1 490 1235 0.0008097165991902834 0.3967611336032389
229.0 2 492 1235 0.0016194331983805667 0.39838056680161943
230.0 2 494 1235 0.0016194331983805667 0.4
231.0 1 495 1235 0.0008097165991902834 0.4008097165991903
233.0 1 496 1235 0.0008097165991902834 0.40161943319838056
234.0 2 498 1235 0.0016194331983805667 0.40323886639676115
235.0 2 500 1235 0.0016194331983805667 0.4048582995951417
237.0 2 502 1235 0.0016194331983805667 0.4064777327935223
238.0 1 503 1235 0.0008097165991902834 0.40728744939271255
239.0 1 504 1235 0.0008097165991902834 0.4080971659919028
240.0 2 506 1235 0.0016194331983805667 0.4097165991902834
241.0 2 508 1235 0.0016194331983805667 0.41133603238866395
242.0 1 509 1235 0.0008097165991902834 0.4121457489878543
243.0 1 510 1235 0.0008097165991902834 0.41295546558704455
244.0 1 511 1235 0.0008097165991902834 0.4137651821862348
246.0 1 512 1235 0.0008097165991902834 0.4145748987854251
247.0 2 514 1235 0.0016194331983805667 0.4161943319838057
248.0 2 516 1235 0.0016194331983805667 0.4178137651821862
249.0 3 519 1235 0.0024291497975708503 0.4202429149797571
250.0 1 520 1235 0.0008097165991902834 0.42105263157894735
251.0 1 521 1235 0.0008097165991902834 0.42186234817813767
252.0 1 522 1235 0.0008097165991902834 0.42267206477732794
253.0 3 525 1235 0.0024291497975708503 0.4251012145748988
254.0 2 527 1235 0.0016194331983805667 0.42672064777327934
255.0 1 528 1235 0.0008097165991902834 0.42753036437246966
258.0 4 532 1235 0.0032388663967611335 0.4307692307692308
260.0 1 533 1235 0.0008097165991902834 0.43157894736842106
261.0 1 534 1235 0.0008097165991902834 0.43238866396761133
262.0 1 535 1235 0.0008097165991902834 0.4331983805668016
263.0 3 538 1235 0.0024291497975708503 0.43562753036437246
264.0 3 541 1235 0.0024291497975708503 0.4380566801619433
265.0 1 542 1235 0.0008097165991902834 0.4388663967611336
266.0 1 543 1235 0.0008097165991902834 0.43967611336032386
268.0 2 545 1235 0.0016194331983805667 0.44129554655870445
269.0 1 546 1235 0.0008097165991902834 0.4421052631578947
272.0 2 548 1235 0.0016194331983805667 0.4437246963562753
273.0 2 550 1235 0.0016194331983805667 0.44534412955465585
274.0 5 555 1235 0.004048582995951417 0.4493927125506073
275.0 2 557 1235 0.0016194331983805667 0.45101214574898785
276.0 1 558 1235 0.0008097165991902834 0.4518218623481781
277.0 3 561 1235 0.0024291497975708503 0.454251012145749
278.0 3 564 1235 0.0024291497975708503 0.45668016194331984
280.0 2 566 1235 0.0016194331983805667 0.4582995951417004
281.0 1 567 1235 0.0008097165991902834 0.4591093117408907
282.0 2 569 1235 0.0016194331983805667 0.46072874493927124
286.0 2 571 1235 0.0016194331983805667 0.46234817813765183
287.0 1 572 1235 0.0008097165991902834 0.4631578947368421
288.0 3 575 1235 0.0024291497975708503 0.46558704453441296
289.0 1 576 1235 0.0008097165991902834 0.46639676113360323
291.0 2 578 1235 0.0016194331983805667 0.4680161943319838
292.0 2 580 1235 0.0016194331983805667 0.46963562753036436
293.0 1 581 1235 0.0008097165991902834 0.47044534412955463
294.0 2 583 1235 0.0016194331983805667 0.4720647773279352
297.0 2 585 1235 0.0016194331983805667 0.47368421052631576
298.0 3 588 1235 0.0024291497975708503 0.4761133603238866
299.0 1 589 1235 0.0008097165991902834 0.47692307692307695
302.0 3 592 1235 0.0024291497975708503 0.47935222672064776
303.0 2 594 1235 0.0016194331983805667 0.48097165991902835
304.0 1 595 1235 0.0008097165991902834 0.4817813765182186
305.0 2 597 1235 0.0016194331983805667 0.4834008097165992
307.0 5 602 1235 0.004048582995951417 0.4874493927125506
309.0 1 603 1235 0.0008097165991902834 0.4882591093117409
310.0 2 605 1235 0.0016194331983805667 0.4898785425101215
311.0 1 606 1235 0.0008097165991902834 0.49068825910931174
312.0 2 608 1235 0.0016194331983805667 0.49230769230769234
317.0 1 609 1235 0.0008097165991902834 0.4931174089068826
319.0 1 610 1235 0.0008097165991902834 0.4939271255060729
320.0 1 611 1235 0.0008097165991902834 0.49473684210526314
321.0 2 613 1235 0.0016194331983805667 0.49635627530364373
323.0 1 614 1235 0.0008097165991902834 0.497165991902834
324.0 2 616 1235 0.0016194331983805667 0.4987854251012146
325.0 2 618 1235 0.0016194331983805667 0.5004048582995951
327.0 3 621 1235 0.0024291497975708503 0.5028340080971659
328.0 1 622 1235 0.0008097165991902834 0.5036437246963563
330.0 2 624 1235 0.0016194331983805667 0.5052631578947369
331.0 1 625 1235 0.0008097165991902834 0.5060728744939271
333.0 1 626 1235 0.0008097165991902834 0.5068825910931174
334.0 5 631 1235 0.004048582995951417 0.5109311740890689
338.0 1 632 1235 0.0008097165991902834 0.5117408906882591
339.0 1 633 1235 0.0008097165991902834 0.5125506072874494
342.0 1 634 1235 0.0008097165991902834 0.5133603238866397
343.0 1 635 1235 0.0008097165991902834 0.5141700404858299
344.0 2 637 1235 0.0016194331983805667 0.5157894736842106
347.0 1 638 1235 0.0008097165991902834 0.5165991902834008
348.0 1 639 1235 0.0008097165991902834 0.5174089068825911
350.0 2 641 1235 0.0016194331983805667 0.5190283400809717
351.0 1 642 1235 0.0008097165991902834 0.5198380566801619
354.0 2 644 1235 0.0016194331983805667 0.5214574898785425
356.0 2 646 1235 0.0016194331983805667 0.5230769230769231
357.0 2 648 1235 0.0016194331983805667 0.5246963562753036
358.0 3 651 1235 0.0024291497975708503 0.5271255060728745
359.0 1 652 1235 0.0008097165991902834 0.5279352226720648
360.0 5 657 1235 0.004048582995951417 0.5319838056680162
362.0 1 658 1235 0.0008097165991902834 0.5327935222672064
363.0 1 659 1235 0.0008097165991902834 0.5336032388663967
364.0 1 660 1235 0.0008097165991902834 0.5344129554655871
365.0 1 661 1235 0.0008097165991902834 0.5352226720647774
366.0 1 662 1235 0.0008097165991902834 0.5360323886639676
367.0 1 663 1235 0.0008097165991902834 0.5368421052631579
368.0 2 665 1235 0.0016194331983805667 0.5384615384615384
369.0 1 666 1235 0.0008097165991902834 0.5392712550607287
370.0 1 667 1235 0.0008097165991902834 0.540080971659919
371.0 2 669 1235 0.0016194331983805667 0.5417004048582996
372.0 1 670 1235 0.0008097165991902834 0.5425101214574899
376.0 3 673 1235 0.0024291497975708503 0.5449392712550607
377.0 1 674 1235 0.0008097165991902834 0.545748987854251
378.0 2 676 1235 0.0016194331983805667 0.5473684210526316
380.0 2 678 1235 0.0016194331983805667 0.5489878542510122
381.0 1 679 1235 0.0008097165991902834 0.5497975708502024
382.0 2 681 1235 0.0016194331983805667 0.551417004048583
384.0 3 684 1235 0.0024291497975708503 0.5538461538461539
386.0 1 685 1235 0.0008097165991902834 0.5546558704453441
390.0 1 686 1235 0.0008097165991902834 0.5554655870445344
391.0 2 688 1235 0.0016194331983805667 0.557085020242915
392.0 1 689 1235 0.0008097165991902834 0.5578947368421052
393.0 2 691 1235 0.0016194331983805667 0.5595141700404859
394.0 1 692 1235 0.0008097165991902834 0.5603238866396761
395.0 2 694 1235 0.0016194331983805667 0.5619433198380567
397.0 2 696 1235 0.0016194331983805667 0.5635627530364372
399.0 1 697 1235 0.0008097165991902834 0.5643724696356275
400.0 1 698 1235 0.0008097165991902834 0.5651821862348179
401.0 1 699 1235 0.0008097165991902834 0.5659919028340081
402.0 1 700 1235 0.0008097165991902834 0.5668016194331984
406.0 1 701 1235 0.0008097165991902834 0.5676113360323887
407.0 1 702 1235 0.0008097165991902834 0.5684210526315789
408.0 1 703 1235 0.0008097165991902834 0.5692307692307692
411.0 2 705 1235 0.0016194331983805667 0.5708502024291497
413.0 1 706 1235 0.0008097165991902834 0.5716599190283401
414.0 1 707 1235 0.0008097165991902834 0.5724696356275304
415.0 1 708 1235 0.0008097165991902834 0.5732793522267207
416.0 1 709 1235 0.0008097165991902834 0.5740890688259109
417.0 1 710 1235 0.0008097165991902834 0.5748987854251012
419.0 2 712 1235 0.0016194331983805667 0.5765182186234817
425.0 1 713 1235 0.0008097165991902834 0.5773279352226721
426.0 2 715 1235 0.0016194331983805667 0.5789473684210527
427.0 1 716 1235 0.0008097165991902834 0.5797570850202429
428.0 2 718 1235 0.0016194331983805667 0.5813765182186235
429.0 1 719 1235 0.0008097165991902834 0.5821862348178137
430.0 1 720 1235 0.0008097165991902834 0.582995951417004
431.0 1 721 1235 0.0008097165991902834 0.5838056680161944
432.0 1 722 1235 0.0008097165991902834 0.5846153846153846
439.0 1 723 1235 0.0008097165991902834 0.5854251012145749
440.0 1 724 1235 0.0008097165991902834 0.5862348178137652
441.0 1 725 1235 0.0008097165991902834 0.5870445344129555
442.0 2 727 1235 0.0016194331983805667 0.588663967611336
443.0 1 728 1235 0.0008097165991902834 0.5894736842105263
444.0 1 729 1235 0.0008097165991902834 0.5902834008097166
445.0 1 730 1235 0.0008097165991902834 0.5910931174089069
446.0 3 733 1235 0.0024291497975708503 0.5935222672064777
448.0 1 734 1235 0.0008097165991902834 0.594331983805668
449.0 1 735 1235 0.0008097165991902834 0.5951417004048583
450.0 1 736 1235 0.0008097165991902834 0.5959514170040486
451.0 2 738 1235 0.0016194331983805667 0.5975708502024292
452.0 3 741 1235 0.0024291497975708503 0.6
457.0 1 742 1235 0.0008097165991902834 0.6008097165991902
458.0 2 744 1235 0.0016194331983805667 0.6024291497975709
459.0 3 747 1235 0.0024291497975708503 0.6048582995951417
460.0 2 749 1235 0.0016194331983805667 0.6064777327935222
462.0 2 751 1235 0.0016194331983805667 0.6080971659919029
464.0 1 752 1235 0.0008097165991902834 0.6089068825910932
468.0 2 754 1235 0.0016194331983805667 0.6105263157894737
469.0 2 756 1235 0.0016194331983805667 0.6121457489878542
470.0 1 757 1235 0.0008097165991902834 0.6129554655870445
472.0 1 758 1235 0.0008097165991902834 0.6137651821862348
473.0 1 759 1235 0.0008097165991902834 0.6145748987854251
474.0 1 760 1235 0.0008097165991902834 0.6153846153846154
478.0 1 761 1235 0.0008097165991902834 0.6161943319838057
479.0 2 763 1235 0.0016194331983805667 0.6178137651821862
480.0 1 764 1235 0.0008097165991902834 0.6186234817813765
482.0 2 766 1235 0.0016194331983805667 0.620242914979757
483.0 1 767 1235 0.0008097165991902834 0.6210526315789474
487.0 3 770 1235 0.0024291497975708503 0.6234817813765182
488.0 2 772 1235 0.0016194331983805667 0.6251012145748988
489.0 1 773 1235 0.0008097165991902834 0.625910931174089
492.0 1 774 1235 0.0008097165991902834 0.6267206477732794
493.0 1 775 1235 0.0008097165991902834 0.6275303643724697
495.0 1 776 1235 0.0008097165991902834 0.6283400809716599
498.0 3 779 1235 0.0024291497975708503 0.6307692307692307
499.0 2 781 1235 0.0016194331983805667 0.6323886639676113
500.0 1 782 1235 0.0008097165991902834 0.6331983805668017
502.0 1 783 1235 0.0008097165991902834 0.6340080971659919
503.0 1 784 1235 0.0008097165991902834 0.6348178137651822
505.0 1 785 1235 0.0008097165991902834 0.6356275303643725
510.0 1 786 1235 0.0008097165991902834 0.6364372469635627
511.0 1 787 1235 0.0008097165991902834 0.637246963562753
512.0 1 788 1235 0.0008097165991902834 0.6380566801619433
514.0 1 789 1235 0.0008097165991902834 0.6388663967611335
515.0 1 790 1235 0.0008097165991902834 0.6396761133603239
516.0 2 792 1235 0.0016194331983805667 0.6412955465587045
517.0 1 793 1235 0.0008097165991902834 0.6421052631578947
519.0 1 794 1235 0.0008097165991902834 0.642914979757085
522.0 1 795 1235 0.0008097165991902834 0.6437246963562753
527.0 2 797 1235 0.0016194331983805667 0.6453441295546559
530.0 2 799 1235 0.0016194331983805667 0.6469635627530365
531.0 1 800 1235 0.0008097165991902834 0.6477732793522267
532.0 3 803 1235 0.0024291497975708503 0.6502024291497975
534.0 2 805 1235 0.0016194331983805667 0.6518218623481782
540.0 1 806 1235 0.0008097165991902834 0.6526315789473685
541.0 1 807 1235 0.0008097165991902834 0.6534412955465587
544.0 1 808 1235 0.0008097165991902834 0.654251012145749
545.0 1 809 1235 0.0008097165991902834 0.6550607287449393
552.0 1 810 1235 0.0008097165991902834 0.6558704453441295
555.0 1 811 1235 0.0008097165991902834 0.6566801619433198
556.0 2 813 1235 0.0016194331983805667 0.6582995951417004
558.0 1 814 1235 0.0008097165991902834 0.6591093117408907
560.0 1 815 1235 0.0008097165991902834 0.659919028340081
561.0 1 816 1235 0.0008097165991902834 0.6607287449392713
563.0 1 817 1235 0.0008097165991902834 0.6615384615384615
565.0 3 820 1235 0.0024291497975708503 0.6639676113360324
574.0 1 821 1235 0.0008097165991902834 0.6647773279352227
577.0 1 822 1235 0.0008097165991902834 0.665587044534413
581.0 1 823 1235 0.0008097165991902834 0.6663967611336032
583.0 1 824 1235 0.0008097165991902834 0.6672064777327935
584.0 1 825 1235 0.0008097165991902834 0.6680161943319838
585.0 1 826 1235 0.0008097165991902834 0.668825910931174
587.0 1 827 1235 0.0008097165991902834 0.6696356275303643
590.0 1 828 1235 0.0008097165991902834 0.6704453441295547
594.0 1 829 1235 0.0008097165991902834 0.671255060728745
600.0 2 831 1235 0.0016194331983805667 0.6728744939271255
601.0 1 832 1235 0.0008097165991902834 0.6736842105263158
604.0 1 833 1235 0.0008097165991902834 0.674493927125506
605.0 2 835 1235 0.0016194331983805667 0.6761133603238867
610.0 2 837 1235 0.0016194331983805667 0.6777327935222672
616.0 1 838 1235 0.0008097165991902834 0.6785425101214575
617.0 1 839 1235 0.0008097165991902834 0.6793522267206478
618.0 3 842 1235 0.0024291497975708503 0.6817813765182186
621.0 2 844 1235 0.0016194331983805667 0.6834008097165992
622.0 1 845 1235 0.0008097165991902834 0.6842105263157895
623.0 1 846 1235 0.0008097165991902834 0.6850202429149798
626.0 1 847 1235 0.0008097165991902834 0.68582995951417
627.0 1 848 1235 0.0008097165991902834 0.6866396761133603
628.0 3 851 1235 0.0024291497975708503 0.6890688259109312
631.0 1 852 1235 0.0008097165991902834 0.6898785425101215
633.0 2 854 1235 0.0016194331983805667 0.691497975708502
635.0 1 855 1235 0.0008097165991902834 0.6923076923076923
636.0 1 856 1235 0.0008097165991902834 0.6931174089068826
638.0 1 857 1235 0.0008097165991902834 0.6939271255060728
640.0 1 858 1235 0.0008097165991902834 0.6947368421052632
643.0 1 859 1235 0.0008097165991902834 0.6955465587044535
645.0 1 860 1235 0.0008097165991902834 0.6963562753036437
647.0 2 862 1235 0.0016194331983805667 0.6979757085020243
648.0 1 863 1235 0.0008097165991902834 0.6987854251012146
650.0 2 865 1235 0.0016194331983805667 0.7004048582995951
651.0 2 867 1235 0.0016194331983805667 0.7020242914979757
653.0 1 868 1235 0.0008097165991902834 0.702834008097166
655.0 1 869 1235 0.0008097165991902834 0.7036437246963563
656.0 1 870 1235 0.0008097165991902834 0.7044534412955465
658.0 2 872 1235 0.0016194331983805667 0.7060728744939271
662.0 1 873 1235 0.0008097165991902834 0.7068825910931175
664.0 3 876 1235 0.0024291497975708503 0.7093117408906883
666.0 1 877 1235 0.0008097165991902834 0.7101214574898785
668.0 1 878 1235 0.0008097165991902834 0.7109311740890688
669.0 2 880 1235 0.0016194331983805667 0.7125506072874493
670.0 2 882 1235 0.0016194331983805667 0.71417004048583
671.0 1 883 1235 0.0008097165991902834 0.7149797570850203
677.0 1 884 1235 0.0008097165991902834 0.7157894736842105
681.0 1 885 1235 0.0008097165991902834 0.7165991902834008
682.0 1 886 1235 0.0008097165991902834 0.7174089068825911
686.0 1 887 1235 0.0008097165991902834 0.7182186234817813
687.0 1 888 1235 0.0008097165991902834 0.7190283400809716
691.0 1 889 1235 0.0008097165991902834 0.719838056680162
697.0 1 890 1235 0.0008097165991902834 0.7206477732793523
701.0 1 891 1235 0.0008097165991902834 0.7214574898785425
704.0 1 892 1235 0.0008097165991902834 0.7222672064777328
715.0 1 893 1235 0.0008097165991902834 0.7230769230769231
720.0 1 894 1235 0.0008097165991902834 0.7238866396761133
723.0 1 895 1235 0.0008097165991902834 0.7246963562753036
728.0 1 896 1235 0.0008097165991902834 0.725506072874494
731.0 1 897 1235 0.0008097165991902834 0.7263157894736842
736.0 1 898 1235 0.0008097165991902834 0.7271255060728745
737.0 1 899 1235 0.0008097165991902834 0.7279352226720648
738.0 1 900 1235 0.0008097165991902834 0.728744939271255
741.0 1 901 1235 0.0008097165991902834 0.7295546558704453
742.0 1 902 1235 0.0008097165991902834 0.7303643724696356
749.0 1 903 1235 0.0008097165991902834 0.7311740890688259
750.0 1 904 1235 0.0008097165991902834 0.7319838056680162
751.0 1 905 1235 0.0008097165991902834 0.7327935222672065
758.0 1 906 1235 0.0008097165991902834 0.7336032388663968
760.0 2 908 1235 0.0016194331983805667 0.7352226720647773
764.0 1 909 1235 0.0008097165991902834 0.7360323886639676
765.0 1 910 1235 0.0008097165991902834 0.7368421052631579
766.0 1 911 1235 0.0008097165991902834 0.7376518218623481
767.0 1 912 1235 0.0008097165991902834 0.7384615384615385
768.0 1 913 1235 0.0008097165991902834 0.7392712550607288
772.0 1 914 1235 0.0008097165991902834 0.740080971659919
779.0 3 917 1235 0.0024291497975708503 0.7425101214574898
782.0 1 918 1235 0.0008097165991902834 0.7433198380566801
785.0 1 919 1235 0.0008097165991902834 0.7441295546558705
786.0 1 920 1235 0.0008097165991902834 0.7449392712550608
788.0 1 921 1235 0.0008097165991902834 0.745748987854251
792.0 1 922 1235 0.0008097165991902834 0.7465587044534413
798.0 1 923 1235 0.0008097165991902834 0.7473684210526316
801.0 1 924 1235 0.0008097165991902834 0.7481781376518218
803.0 1 925 1235 0.0008097165991902834 0.7489878542510121
804.0 1 926 1235 0.0008097165991902834 0.7497975708502024
805.0 1 927 1235 0.0008097165991902834 0.7506072874493928
817.0 1 928 1235 0.0008097165991902834 0.751417004048583
819.0 2 930 1235 0.0016194331983805667 0.7530364372469636
822.0 1 931 1235 0.0008097165991902834 0.7538461538461538
823.0 2 933 1235 0.0016194331983805667 0.7554655870445344
824.0 1 934 1235 0.0008097165991902834 0.7562753036437248
828.0 2 936 1235 0.0016194331983805667 0.7578947368421053
830.0 2 938 1235 0.0016194331983805667 0.7595141700404858
832.0 1 939 1235 0.0008097165991902834 0.7603238866396761
833.0 1 940 1235 0.0008097165991902834 0.7611336032388664
835.0 1 941 1235 0.0008097165991902834 0.7619433198380566
836.0 1 942 1235 0.0008097165991902834 0.762753036437247
838.0 1 943 1235 0.0008097165991902834 0.7635627530364373
839.0 1 944 1235 0.0008097165991902834 0.7643724696356275
840.0 1 945 1235 0.0008097165991902834 0.7651821862348178
841.0 2 947 1235 0.0016194331983805667 0.7668016194331984
847.0 1 948 1235 0.0008097165991902834 0.7676113360323886
848.0 1 949 1235 0.0008097165991902834 0.7684210526315789
855.0 2 951 1235 0.0016194331983805667 0.7700404858299595
869.0 1 952 1235 0.0008097165991902834 0.7708502024291498
873.0 1 953 1235 0.0008097165991902834 0.7716599190283401
875.0 1 954 1235 0.0008097165991902834 0.7724696356275303
879.0 1 955 1235 0.0008097165991902834 0.7732793522267206
880.0 1 956 1235 0.0008097165991902834 0.7740890688259109
893.0 1 957 1235 0.0008097165991902834 0.7748987854251013
907.0 1 958 1235 0.0008097165991902834 0.7757085020242915
910.0 1 959 1235 0.0008097165991902834 0.7765182186234818
911.0 1 960 1235 0.0008097165991902834 0.7773279352226721
912.0 1 961 1235 0.0008097165991902834 0.7781376518218623
914.0 1 962 1235 0.0008097165991902834 0.7789473684210526
915.0 1 963 1235 0.0008097165991902834 0.7797570850202429
917.0 2 965 1235 0.0016194331983805667 0.7813765182186235
924.0 2 967 1235 0.0016194331983805667 0.7829959514170041
925.0 1 968 1235 0.0008097165991902834 0.7838056680161943
926.0 1 969 1235 0.0008097165991902834 0.7846153846153846
931.0 1 970 1235 0.0008097165991902834 0.7854251012145749
940.0 1 971 1235 0.0008097165991902834 0.7862348178137651
951.0 1 972 1235 0.0008097165991902834 0.7870445344129555
952.0 1 973 1235 0.0008097165991902834 0.7878542510121458
953.0 1 974 1235 0.0008097165991902834 0.7886639676113361
954.0 3 977 1235 0.0024291497975708503 0.7910931174089069
955.0 2 979 1235 0.0016194331983805667 0.7927125506072874
967.0 2 981 1235 0.0016194331983805667 0.794331983805668
976.0 1 982 1235 0.0008097165991902834 0.7951417004048583
978.0 1 983 1235 0.0008097165991902834 0.7959514170040486
981.0 1 984 1235 0.0008097165991902834 0.7967611336032389
984.0 1 985 1235 0.0008097165991902834 0.7975708502024291
986.0 1 986 1235 0.0008097165991902834 0.7983805668016194
990.0 1 987 1235 0.0008097165991902834 0.7991902834008097
992.0 1 988 1235 0.0008097165991902834 0.8
993.0 1 989 1235 0.0008097165991902834 0.8008097165991903
1002.0 1 990 1235 0.0008097165991902834 0.8016194331983806
1006.0 1 991 1235 0.0008097165991902834 0.8024291497975709
1009.0 1 992 1235 0.0008097165991902834 0.8032388663967611
1012.0 1 993 1235 0.0008097165991902834 0.8040485829959514
1017.0 1 994 1235 0.0008097165991902834 0.8048582995951417
1018.0 1 995 1235 0.0008097165991902834 0.805668016194332
1019.0 1 996 1235 0.0008097165991902834 0.8064777327935223
1023.0 1 997 1235 0.0008097165991902834 0.8072874493927126
1027.0 1 998 1235 0.0008097165991902834 0.8080971659919028
1028.0 2 1000 1235 0.0016194331983805667 0.8097165991902834
1031.0 1 1001 1235 0.0008097165991902834 0.8105263157894737
1035.0 2 1003 1235 0.0016194331983805667 0.8121457489878543
1037.0 1 1004 1235 0.0008097165991902834 0.8129554655870446
1039.0 1 1005 1235 0.0008097165991902834 0.8137651821862348
1044.0 1 1006 1235 0.0008097165991902834 0.8145748987854251
1045.0 1 1007 1235 0.0008097165991902834 0.8153846153846154
1046.0 1 1008 1235 0.0008097165991902834 0.8161943319838056
1049.0 1 1009 1235 0.0008097165991902834 0.8170040485829959
1057.0 1 1010 1235 0.0008097165991902834 0.8178137651821862
1059.0 1 1011 1235 0.0008097165991902834 0.8186234817813766
1060.0 1 1012 1235 0.0008097165991902834 0.8194331983805668
1068.0 1 1013 1235 0.0008097165991902834 0.8202429149797571
1069.0 1 1014 1235 0.0008097165991902834 0.8210526315789474
1072.0 2 1016 1235 0.0016194331983805667 0.8226720647773279
1074.0 1 1017 1235 0.0008097165991902834 0.8234817813765182
1076.0 1 1018 1235 0.0008097165991902834 0.8242914979757086
1079.0 1 1019 1235 0.0008097165991902834 0.8251012145748988
1083.0 1 1020 1235 0.0008097165991902834 0.8259109311740891
1090.0 1 1021 1235 0.0008097165991902834 0.8267206477732794
1099.0 1 1022 1235 0.0008097165991902834 0.8275303643724696
1101.0 1 1023 1235 0.0008097165991902834 0.8283400809716599
1107.0 3 1026 1235 0.0024291497975708503 0.8307692307692308
1111.0 1 1027 1235 0.0008097165991902834 0.8315789473684211
1118.0 1 1028 1235 0.0008097165991902834 0.8323886639676114
1120.0 2 1030 1235 0.0016194331983805667 0.8340080971659919
1124.0 1 1031 1235 0.0008097165991902834 0.8348178137651822
1125.0 1 1032 1235 0.0008097165991902834 0.8356275303643724
1126.0 1 1033 1235 0.0008097165991902834 0.8364372469635628
1129.0 1 1034 1235 0.0008097165991902834 0.8372469635627531
1130.0 1 1035 1235 0.0008097165991902834 0.8380566801619433
1135.0 1 1036 1235 0.0008097165991902834 0.8388663967611336
1138.0 1 1037 1235 0.0008097165991902834 0.8396761133603239
1140.0 1 1038 1235 0.0008097165991902834 0.8404858299595142
1145.0 1 1039 1235 0.0008097165991902834 0.8412955465587044
1147.0 1 1040 1235 0.0008097165991902834 0.8421052631578947
1148.0 1 1041 1235 0.0008097165991902834 0.8429149797570851
1150.0 1 1042 1235 0.0008097165991902834 0.8437246963562753
1151.0 1 1043 1235 0.0008097165991902834 0.8445344129554656
1153.0 2 1045 1235 0.0016194331983805667 0.8461538461538461
1154.0 1 1046 1235 0.0008097165991902834 0.8469635627530364
1161.0 1 1047 1235 0.0008097165991902834 0.8477732793522267
1173.0 1 1048 1235 0.0008097165991902834 0.848582995951417
1179.0 2 1050 1235 0.0016194331983805667 0.8502024291497976
1180.0 1 1051 1235 0.0008097165991902834 0.8510121457489879
1181.0 1 1052 1235 0.0008097165991902834 0.8518218623481781
1185.0 1 1053 1235 0.0008097165991902834 0.8526315789473684
1189.0 1 1054 1235 0.0008097165991902834 0.8534412955465587
1196.0 1 1055 1235 0.0008097165991902834 0.854251012145749
1197.0 1 1056 1235 0.0008097165991902834 0.8550607287449393
1198.0 1 1057 1235 0.0008097165991902834 0.8558704453441296
1201.0 1 1058 1235 0.0008097165991902834 0.8566801619433199
1204.0 1 1059 1235 0.0008097165991902834 0.8574898785425101
1215.0 1 1060 1235 0.0008097165991902834 0.8582995951417004
1217.0 2 1062 1235 0.0016194331983805667 0.8599190283400809
1218.0 1 1063 1235 0.0008097165991902834 0.8607287449392712
1230.0 1 1064 1235 0.0008097165991902834 0.8615384615384616
1235.0 1 1065 1235 0.0008097165991902834 0.8623481781376519
1238.0 1 1066 1235 0.0008097165991902834 0.8631578947368421
1244.0 1 1067 1235 0.0008097165991902834 0.8639676113360324
1249.0 1 1068 1235 0.0008097165991902834 0.8647773279352227
1254.0 2 1070 1235 0.0016194331983805667 0.8663967611336032
1256.0 1 1071 1235 0.0008097165991902834 0.8672064777327935
1267.0 1 1072 1235 0.0008097165991902834 0.8680161943319838
1273.0 1 1073 1235 0.0008097165991902834 0.8688259109311741
1275.0 1 1074 1235 0.0008097165991902834 0.8696356275303644
1279.0 1 1075 1235 0.0008097165991902834 0.8704453441295547
1310.0 1 1076 1235 0.0008097165991902834 0.8712550607287449
1325.0 1 1077 1235 0.0008097165991902834 0.8720647773279352
1328.0 1 1078 1235 0.0008097165991902834 0.8728744939271255
1340.0 1 1079 1235 0.0008097165991902834 0.8736842105263158
1345.0 2 1081 1235 0.0016194331983805667 0.8753036437246964
1374.0 1 1082 1235 0.0008097165991902834 0.8761133603238866
1375.0 1 1083 1235 0.0008097165991902834 0.8769230769230769
1376.0 1 1084 1235 0.0008097165991902834 0.8777327935222672
1377.0 1 1085 1235 0.0008097165991902834 0.8785425101214575
1383.0 1 1086 1235 0.0008097165991902834 0.8793522267206477
1386.0 1 1087 1235 0.0008097165991902834 0.8801619433198381
1390.0 1 1088 1235 0.0008097165991902834 0.8809716599190284
1400.0 1 1089 1235 0.0008097165991902834 0.8817813765182186
1402.0 1 1090 1235 0.0008097165991902834 0.8825910931174089
1429.0 1 1091 1235 0.0008097165991902834 0.8834008097165992
1431.0 1 1092 1235 0.0008097165991902834 0.8842105263157894
1432.0 1 1093 1235 0.0008097165991902834 0.8850202429149797
1438.0 1 1094 1235 0.0008097165991902834 0.8858299595141701
1453.0 2 1096 1235 0.0016194331983805667 0.8874493927125506
1456.0 1 1097 1235 0.0008097165991902834 0.8882591093117409
1472.0 1 1098 1235 0.0008097165991902834 0.8890688259109312
1475.0 1 1099 1235 0.0008097165991902834 0.8898785425101214
1478.0 1 1100 1235 0.0008097165991902834 0.8906882591093117
1480.0 1 1101 1235 0.0008097165991902834 0.891497975708502
1483.0 1 1102 1235 0.0008097165991902834 0.8923076923076924
1491.0 1 1103 1235 0.0008097165991902834 0.8931174089068826
1495.0 1 1104 1235 0.0008097165991902834 0.8939271255060729
1533.0 1 1105 1235 0.0008097165991902834 0.8947368421052632
1565.0 1 1106 1235 0.0008097165991902834 0.8955465587044534
1577.0 1 1107 1235 0.0008097165991902834 0.8963562753036437
1583.0 1 1108 1235 0.0008097165991902834 0.897165991902834
1588.0 1 1109 1235 0.0008097165991902834 0.8979757085020242
1592.0 1 1110 1235 0.0008097165991902834 0.8987854251012146
1593.0 1 1111 1235 0.0008097165991902834 0.8995951417004049
1603.0 1 1112 1235 0.0008097165991902834 0.9004048582995952
1604.0 1 1113 1235 0.0008097165991902834 0.9012145748987854
1621.0 1 1114 1235 0.0008097165991902834 0.9020242914979757
1625.0 1 1115 1235 0.0008097165991902834 0.902834008097166
1630.0 1 1116 1235 0.0008097165991902834 0.9036437246963562
1640.0 1 1117 1235 0.0008097165991902834 0.9044534412955466
1641.0 1 1118 1235 0.0008097165991902834 0.9052631578947369
1642.0 1 1119 1235 0.0008097165991902834 0.9060728744939271
1644.0 2 1121 1235 0.0016194331983805667 0.9076923076923077
1645.0 1 1122 1235 0.0008097165991902834 0.908502024291498
1647.0 1 1123 1235 0.0008097165991902834 0.9093117408906882
1651.0 1 1124 1235 0.0008097165991902834 0.9101214574898785
1652.0 1 1125 1235 0.0008097165991902834 0.9109311740890689
1655.0 1 1126 1235 0.0008097165991902834 0.9117408906882591
1661.0 1 1127 1235 0.0008097165991902834 0.9125506072874494
1673.0 1 1128 1235 0.0008097165991902834 0.9133603238866397
1686.0 1 1129 1235 0.0008097165991902834 0.91417004048583
1692.0 1 1130 1235 0.0008097165991902834 0.9149797570850202
1693.0 1 1131 1235 0.0008097165991902834 0.9157894736842105
1698.0 2 1133 1235 0.0016194331983805667 0.9174089068825911
1702.0 1 1134 1235 0.0008097165991902834 0.9182186234817814
1703.0 1 1135 1235 0.0008097165991902834 0.9190283400809717
1712.0 1 1136 1235 0.0008097165991902834 0.9198380566801619
1717.0 1 1137 1235 0.0008097165991902834 0.9206477732793522
1725.0 1 1138 1235 0.0008097165991902834 0.9214574898785425
1728.0 1 1139 1235 0.0008097165991902834 0.9222672064777327
1781.0 1 1140 1235 0.0008097165991902834 0.9230769230769231
1793.0 1 1141 1235 0.0008097165991902834 0.9238866396761134
1811.0 1 1142 1235 0.0008097165991902834 0.9246963562753037
1814.0 1 1143 1235 0.0008097165991902834 0.9255060728744939
1831.0 1 1144 1235 0.0008097165991902834 0.9263157894736842
1862.0 1 1145 1235 0.0008097165991902834 0.9271255060728745
1866.0 1 1146 1235 0.0008097165991902834 0.9279352226720647
1874.0 1 1147 1235 0.0008097165991902834 0.928744939271255
1879.0 1 1148 1235 0.0008097165991902834 0.9295546558704454
1897.0 1 1149 1235 0.0008097165991902834 0.9303643724696357
1899.0 1 1150 1235 0.0008097165991902834 0.9311740890688259
1903.0 1 1151 1235 0.0008097165991902834 0.9319838056680162
1908.0 1 1152 1235 0.0008097165991902834 0.9327935222672065
1909.0 1 1153 1235 0.0008097165991902834 0.9336032388663967
1910.0 1 1154 1235 0.0008097165991902834 0.934412955465587
1916.0 1 1155 1235 0.0008097165991902834 0.9352226720647774
1919.0 1 1156 1235 0.0008097165991902834 0.9360323886639677
1935.0 1 1157 1235 0.0008097165991902834 0.9368421052631579
1937.0 1 1158 1235 0.0008097165991902834 0.9376518218623482
1951.0 1 1159 1235 0.0008097165991902834 0.9384615384615385
1955.0 1 1160 1235 0.0008097165991902834 0.9392712550607287
1967.0 1 1161 1235 0.0008097165991902834 0.940080971659919
1968.0 1 1162 1235 0.0008097165991902834 0.9408906882591093
1976.0 1 1163 1235 0.0008097165991902834 0.9417004048582996
1977.0 1 1164 1235 0.0008097165991902834 0.9425101214574899
1978.0 1 1165 1235 0.0008097165991902834 0.9433198380566802
2017.0 1 1166 1235 0.0008097165991902834 0.9441295546558705
2018.0 1 1167 1235 0.0008097165991902834 0.9449392712550607
2027.0 1 1168 1235 0.0008097165991902834 0.945748987854251
2106.0 1 1169 1235 0.0008097165991902834 0.9465587044534413
2110.0 1 1170 1235 0.0008097165991902834 0.9473684210526315
2160.0 1 1171 1235 0.0008097165991902834 0.9481781376518219
2208.0 1 1172 1235 0.0008097165991902834 0.9489878542510122
2223.0 1 1173 1235 0.0008097165991902834 0.9497975708502024
2230.0 1 1174 1235 0.0008097165991902834 0.9506072874493927
2259.0 1 1175 1235 0.0008097165991902834 0.951417004048583
2260.0 1 1176 1235 0.0008097165991902834 0.9522267206477733
2261.0 1 1177 1235 0.0008097165991902834 0.9530364372469635
2339.0 1 1178 1235 0.0008097165991902834 0.9538461538461539
2378.0 1 1179 1235 0.0008097165991902834 0.9546558704453442
2382.0 1 1180 1235 0.0008097165991902834 0.9554655870445344
2387.0 1 1181 1235 0.0008097165991902834 0.9562753036437247
2453.0 1 1182 1235 0.0008097165991902834 0.957085020242915
2454.0 1 1183 1235 0.0008097165991902834 0.9578947368421052
2455.0 1 1184 1235 0.0008097165991902834 0.9587044534412955
2458.0 1 1185 1235 0.0008097165991902834 0.9595141700404858
2464.0 1 1186 1235 0.0008097165991902834 0.9603238866396762
2466.0 1 1187 1235 0.0008097165991902834 0.9611336032388664
2487.0 1 1188 1235 0.0008097165991902834 0.9619433198380567
2497.0 1 1189 1235 0.0008097165991902834 0.962753036437247
2507.0 1 1190 1235 0.0008097165991902834 0.9635627530364372
2516.0 1 1191 1235 0.0008097165991902834 0.9643724696356275
2522.0 1 1192 1235 0.0008097165991902834 0.9651821862348178
2547.0 1 1193 1235 0.0008097165991902834 0.965991902834008
2565.0 1 1194 1235 0.0008097165991902834 0.9668016194331984
2577.0 1 1195 1235 0.0008097165991902834 0.9676113360323887
2582.0 1 1196 1235 0.0008097165991902834 0.968421052631579
2588.0 1 1197 1235 0.0008097165991902834 0.9692307692307692
2611.0 1 1198 1235 0.0008097165991902834 0.9700404858299595
2620.0 1 1199 1235 0.0008097165991902834 0.9708502024291498
2630.0 1 1200 1235 0.0008097165991902834 0.97165991902834
2645.0 1 1201 1235 0.0008097165991902834 0.9724696356275304
2712.0 1 1202 1235 0.0008097165991902834 0.9732793522267207
2724.0 1 1203 1235 0.0008097165991902834 0.974089068825911
2763.0 1 1204 1235 0.0008097165991902834 0.9748987854251012
2768.0 1 1205 1235 0.0008097165991902834 0.9757085020242915
2773.0 1 1206 1235 0.0008097165991902834 0.9765182186234818
2775.0 1 1207 1235 0.0008097165991902834 0.977327935222672
2776.0 1 1208 1235 0.0008097165991902834 0.9781376518218623
2778.0 1 1209 1235 0.0008097165991902834 0.9789473684210527
2779.0 1 1210 1235 0.0008097165991902834 0.979757085020243
2780.0 1 1211 1235 0.0008097165991902834 0.9805668016194332
2785.0 1 1212 1235 0.0008097165991902834 0.9813765182186235
2786.0 2 1214 1235 0.0016194331983805667 0.982995951417004
2795.0 1 1215 1235 0.0008097165991902834 0.9838056680161943
2799.0 1 1216 1235 0.0008097165991902834 0.9846153846153847
2806.0 1 1217 1235 0.0008097165991902834 0.9854251012145749
2808.0 2 1219 1235 0.0016194331983805667 0.9870445344129555
2820.0 1 1220 1235 0.0008097165991902834 0.9878542510121457
2846.0 1 1221 1235 0.0008097165991902834 0.988663967611336
2851.0 1 1222 1235 0.0008097165991902834 0.9894736842105263
2865.0 1 1223 1235 0.0008097165991902834 0.9902834008097166
2868.0 1 1224 1235 0.0008097165991902834 0.9910931174089069
2871.0 1 1225 1235 0.0008097165991902834 0.9919028340080972
2886.0 1 1226 1235 0.0008097165991902834 0.9927125506072875
2903.0 1 1227 1235 0.0008097165991902834 0.9935222672064777
2912.0 1 1228 1235 0.0008097165991902834 0.994331983805668
2943.0 1 1229 1235 0.0008097165991902834 0.9951417004048583
2947.0 1 1230 1235 0.0008097165991902834 0.9959514170040485
2952.0 1 1231 1235 0.0008097165991902834 0.9967611336032388
2965.0 1 1232 1235 0.0008097165991902834 0.9975708502024292
2966.0 2 1234 1235 0.0016194331983805667 0.9991902834008097
2994.0 1 1235 1235 0.0008097165991902834 1.0
